0.0006644466 94
0.000675351 87
0.00073645992 92
0.00065565216 89
0.00067922478 85
0.00067944204 85
0.00071216082 93
0.00069877224 85
0.00074826306 97
0.00087512598 105
0.0008158527 103
0.00079559496 105
0.00074591802 101
0.00077023296 101
0.00067999878 87
0.00065231784 82
0.00056827908 73
0.00065251782 73
0.00079492302 98
0.0007041695399999999 81
0.00064479312 83
0.00074660346 88
0.00074199456 95
0.0006910856999999999 95
0.00072708048 97
0.00060824466 84
0.0006176856599999999 84
0.00074955816 92
0.00073489428 93
0.0006420762 79
0.00073763298 94
0.00068395266 93
0.00069553206 91
0.0007576902 97
0.00064698876 88
0.00075828474 97
0.00071481726 95
0.00069629958 95
0.00080548272 102
0.00073849932 98
0.0007430112 98
0.00072395118 97
0.00071206614 91
0.00061329654 83
0.00061997526 78
0.00046994742 70
0.0007350624 88
0.00073162314 98
0.00082350252 105
0.0006966891 91
0.0007011801 85
0.00070625412 96
0.00074911014 94
0.00080530344 105
0.00073911798 101
0.0006771990599999999 89
0.00070646202 94
0.00071848998 94
0.00082639152 109
0.00082461744 104
0.0007920576 106
0.00081159174 106
0.00074218536 94
0.000674091 92
0.0006463386 79
0.00055234224 70
0.00065279718 82
0.00047052162 60
0.0006303432599999999 76
0.00061184538 76
0.0007053326999999999 92
0.00067710492 88
0.00070945164 90
0.00069260544 87
0.0007062921 87
0.00061603632 79
0.00067074192 87
0.00060647274 79
0.00068365764 84
0.00060887952 82
0.00054679698 76
0.00053647452 79
0.0005168431799999999 75
0.00064906092 83
0.00059910156 84
0.00059457528 80
0.00062740926 88
0.0005727114 77
0.00055910178 82
0.00057498534 81
0.00054982098 76
0.00064297332 87
0.00060168978 85
0.00054012708 78
0.00063020628 85
0.00057748158 82
0.00052963632 77
0.00052033446 79
0.00053210538 78
0.00056037834 81
0.00056917152 78
0.0004931631 73
0.00051046056 74
0.00054603324 73
0.00056605068 79
0.00057471948 80
0.0005469894 81
0.00056503656 80
0.0006040728 81
0.0005100876 75
0.00062867394 75
0.00058587408 73
0.0006699528 84
0.0006230952 78
0.00066381606 85
0.00056985048 82
0.00044347536 68
0.00048669408 69
0.00052428276 78
0.00063284688 85
0.00062321112 84
0.00066249 87
0.00064472634 81
0.00065513448 83
0.00064092366 74
0.00065626452 87
0.00050848974 72
0.00060089598 76
0.00063407484 87
0.00058413294 77
0.00055052874 71
0.00067816044 87
0.00061948728 87
0.00056856816 70
0.00062576568 83
0.00062906202 86
0.0006024859199999999 80
0.00052322526 74
0.00051334326 71
0.00057027942 73
0.00052391268 75
0.00056080476 74
0.00063745578 76
0.00054907002 76
0.00059479416 80
0.00056779236 76
0.00058911606 79
0.00066021606 85
0.00069628482 87
0.00047414574 66
0.00056126106 82
0.0005764752 75
0.00064811052 81
0.00061713108 84
0.00063154944 87
0.0005975694 77
0.00058093938 76
0.0005097006 72
0.00065121912 91
0.00077716872 101
0.00069623748 84
0.00067513536 86
0.00070207776 90
0.00067693482 87
0.00075411324 100
0.00077877432 104
0.00080752788 104
0.00073998774 99
0.00078170148 98
0.00052493022 68
0.00076905684 93
0.00073476918 97
0.00070323012 95
0.00077100354 96
0.00077905422 103
0.00076323438 101
0.00064822086 86
0.00075773322 100
0.00073781856 96
0.0007670349 101
0.00070050348 92
0.00047096964 61
0.00063411318 79
0.00070415028 93
0.00075836106 96
0.00077963526 101
0.00082121688 104
0.000746559 102
0.00078411762 102
0.0007989138 106
0.0006612543 93
0.0006972255 92
0.00047800745999999997 70
0.0005889448799999999 73
0.00061629534 85
0.00058508046 71
0.00064969002 86
0.00074500416 98
0.00071946612 92
0.00073330398 95
0.00071960706 89
0.00068830704 92
0.0007429941 96
0.00071544798 96
0.0006804576 83
0.00071756136 97
0.00072695178 90
0.00075416652 99
0.00076683276 99
0.00077740344 104
0.00083026026 105
0.00079819434 103
0.00078483906 102
0.00079589304 107
0.00069907698 95
0.00058678632 80
0.00074262006 90
0.00072942264 94
0.0007329582 95
0.00080527068 103
0.00079018146 103
0.0007644834 101
0.0008062443 99
0.00079781148 102
0.00077900976 100
0.00071400636 90
0.0007879932 102
0.00067366908 85
0.00059762592 86
0.00059954814 83
0.00060672906 84
0.00063718902 83
0.0006262767 85
0.00062645256 84
0.00065985732 85
0.00061114662 82
0.00061380864 83
0.00057193344 80
0.0006358509 86
0.00063152406 87
0.00061098462 83
0.00064476414 84
0.00057635982 83
0.0005050871999999999 72
0.00059235858 82
0.00060175116 80
0.00057364362 81
0.0005420030399999999 79
0.00059133906 83
0.0005960997 84
0.00062701218 84
0.00057745296 85
0.00058976838 80
0.00061622604 76
0.00059659344 85
0.00070920918 90
0.00062361558 84
0.00060102612 81
0.00064258074 88
0.00056199024 81
0.00058817358 80
0.00064797048 87
0.00063516654 82
0.0005790384 78
0.00056566584 76
0.0006092064 77
0.00062492148 84
0.00066408732 87
0.00065269638 87
0.000662877 83
0.00061292178 82
0.00059366268 74
0.00065928366 88
0.00062046054 83
0.0006711156 92
0.00067905612 91
0.00069495768 89
0.00065343114 89
0.0006154047 85
0.00065587248 88
0.00064606302 88
0.00051282846 74
0.00057444606 71
0.00052836156 78
0.00055359612 73
0.00060978204 77
0.00049505688 75
0.00065301786 82
0.00059880024 80
0.00059071158 81
0.0005872734 74
0.00059806962 78
0.00059713992 76
0.00057662514 74
0.00057003102 82
0.00061638246 80
0.00058074138 82
0.00056875248 78
0.0005273334 73
0.00048578202 66
0.00054502362 67
0.00058230486 78
0.0007099029 90
0.00058603464 82
0.00052895502 76
0.0007133283 83
0.0006855183 91
0.00072064566 95
0.00061987932 75
0.00057955572 85
0.00064878624 81
0.00069147702 90
0.0007459506 99
0.00063715176 85
0.00074080782 92
0.00062096454 83
0.00055658808 79
0.00073336086 77
0.00046791324 69
0.00056114982 74
0.0006035589 76
0.00059578236 78
0.0006217965 84
0.0007294707 88
0.0007276842 92
0.0007447581 89
0.00072130248 98
0.00065666952 92
0.00070454574 91
0.00056206188 67
0.00059899698 81
0.00067588578 87
0.00063975834 82
0.0007262109 86
0.00064862568 84
0.00077464962 97
0.00075149802 96
0.00077714874 95
0.00074318634 98
0.00080367264 106
0.00073483308 93
0.00062811792 78
0.00056773044 83
0.00075384594 92
0.00064345554 90
0.00073711962 94
0.00077938272 104
0.00079588998 100
0.00070898616 95
0.00070375536 92
0.0006714981 84
0.0007515738 98
0.0007178688 93
0.00066647286 91
0.00069273378 99
0.00063503136 89
0.00066997422 88
0.00072629226 93
0.0005982894 78
0.00061711578 79
0.0007450128 96
0.00076515822 95
0.00064954656 88
0.00064746612 88
0.0006465798 84
0.00071041644 90
0.00061738128 80
0.00061278174 73
0.00060690888 81
0.00071978886 89
0.00065793402 89
0.00056034918 77
0.00061082352 87
0.00064991556 84
0.00059253894 73
0.00054907326 71
0.00065986884 76
0.00066273678 80
0.00064515798 82
0.00064889244 81
0.0006198344999999999 87
0.00065274552 80
0.000613647 78
0.00067789044 83
0.00065691774 83
0.00065439756 89
0.00060630516 81
0.00058279572 80
0.00060772032 84
0.00061705278 84
0.00062114562 80
0.0005099787 71
0.00058354956 79
0.00055530936 73
0.00060313194 83
0.00057831714 79
0.00053294346 74
0.00054365508 76
0.00059480082 74
0.00066955932 85
0.00062499312 78
0.00058759038 81
0.00053438526 76
0.00058929948 82
0.00057579786 77
0.00053689878 73
0.0005642541 76
0.00047962386 72
0.00061338528 81
0.0006176997 88
0.0005076927 72
0.00053062686 73
0.00056298402 77
0.00055405818 78
0.00065863854 87
0.00072381024 90
0.00057776868 81
0.0006848496 87
0.00069484986 92
0.00068610744 90
0.00068189616 93
0.0006709266 89
0.00063428616 83
0.00068034312 85
0.0006326982 84
0.00068676912 87
0.00067345614 91
0.00062871948 81
0.00066024378 86
0.0006279003 87
0.00069582492 93
0.00062337384 87
0.00071251758 93
0.00063660654 85
0.0006600276 82
0.00061293222 82
0.00067859694 92
0.0007038185399999999 94
0.00057146112 74
0.00052873182 72
0.00050808528 68
0.000524637 75
0.00051800796 70
0.00062783226 81
0.0006086835 74
0.0005770053 69
0.00047818493999999997 63
0.00053235108 67
0.0005291352 69
0.00057215826 77
0.00051497514 71
0.00054803412 75
0.00056131002 72
0.00058583232 70
0.00061361406 75
0.00058927428 74
0.00056053836 72
0.00050823576 70
0.00065062872 81
0.00053303724 77
0.00053924058 74
0.00059190444 72
0.00060881148 79
0.00060152562 82
0.00058274892 75
0.00060343218 78
0.00049497066 71
0.00071921088 96
0.00066397662 81
0.00066878946 80
0.00066221928 86
0.00071372034 90
0.00068625342 79
0.00075809736 97
0.00075422106 99
0.00075246372 98
0.00076342896 98
0.00068776002 94
0.00066341214 87
0.00067578102 82
0.00073633158 90
0.00055246464 61
0.0004874292 66
0.00045352799999999997 61
0.00066776256 80
0.00060836868 80
0.0006031215 76
0.0006328652399999999 85
0.00073617876 96
0.00067686606 80
0.00069279696 86
0.0005697468 77
0.00065510622 88
0.00054746514 68
0.00064692828 81
0.00059935104 79
0.0006092451 84
0.00069462954 82
0.0006761862 88
0.00073318302 93
0.0007563231 90
0.0007799706 104
0.00062400474 86
0.00064402902 84
0.00070705044 86
0.00054963522 77
0.0006013355399999999 71
0.00063030078 79
0.00038473524 64
0.00053700678 69
0.00075805542 91
0.0007076754 95
0.00059278752 78
0.00074064276 94
0.00071424108 91
0.00066232836 84
0.00065988216 93
0.00054364086 76
0.00052831998 69
0.00053042292 71
0.00068087898 91
0.00064447596 88
0.00070513236 91
0.00061070688 86
0.0007314075 87
0.0006830703 92
0.00071387226 92
0.00079785576 104
0.0007249293 103
0.00070928622 89
0.00074094138 93
0.00074039202 96
0.00052821594 75
0.0005463063 76
0.00064111788 83
0.00059670684 76
0.00076078314 96
0.00069000102 95
0.0007781526 97
0.00067456098 94
0.00072241074 98
0.0007390205999999999 97
0.00070367238 92
0.00069526314 91
0.00065942028 79
0.00062958402 82
0.000561501 77
0.00056060892 74
0.00053652078 70
0.00062040186 82
0.00057900132 77
0.00053292852 79
0.00057070386 76
0.00053972784 74
0.00051307974 69
0.0004807044 70
0.00056455956 73
0.00055491336 76
0.00064077408 81
0.00059861304 76
0.00055107396 78
0.00059726592 75
0.000543321 81
0.00060104574 82
0.00054642042 73
0.00050697108 68
0.000535347 78
0.00055852056 76
0.00050167044 70
0.00057785994 73
0.00054935136 80
0.00058547862 78
0.00060033762 80
0.0007508898 97
0.00074349288 98
0.00060764274 80
0.00060406164 77
0.00057828132 76
0.00063903456 82
0.0007427385 93
0.00072112464 99
0.00072694098 94
0.00062497296 90
0.00067425426 88
0.00068118534 88
0.00070144092 94
0.0006641810999999999 87
0.0007062033599999999 98
0.00079589016 98
0.0007043994 95
0.0006478704 89
0.0007196966999999999 95
0.00071386146 99
0.00066337488 87
0.0006908661 93
0.00060848046 81
0.00057296412 75
0.00058017258 79
0.00059543856 82
0.00052804908 75
0.00055886544 76
0.00056331972 75
0.00058284594 82
0.00061079022 76
0.00057756042 81
0.00061774092 85
0.00062056926 76
0.00061224336 82
0.0006168672 79
0.00060620184 78
0.00058128444 77
0.0007357788 88
0.0005634873 84
0.00058925772 82
0.00060455538 80
0.0005921469 77
0.00060041466 76
0.00059450922 80
0.00066142494 88
0.00054714978 80
0.00062353872 80
0.00073473318 91
0.0007633881 102
0.00074675826 93
0.0007010404199999999 100
0.00073568718 97
0.00067220244 90
0.00074373624 95
0.00077088672 101
0.00057829644 65
0.00066954996 82
0.0007960635 96
0.00075012804 101
0.0006136659 86
0.00071540172 87
0.00066684528 88
0.00059990814 74
0.00043638498 54
0.00055532574 71
0.00060421446 74
0.0005658687 81
0.00072943038 84
0.00075671028 100
0.00076644522 92
0.0006918903 93
0.00063914238 87
0.0006559668 86
0.00075288114 97
0.00067479336 92
0.00069125094 88
0.0006725556 87
0.00068137434 86
0.00060726024 82
0.0006564924 86
0.0006144832799999999 76
0.00058485852 76
0.00064513458 85
0.00062641944 80
0.00057912462 81
0.00065880018 79
0.00067621104 88
0.00074783538 98
0.00069477354 89
0.0007384185 96
0.00074262024 99
0.00072308052 96
0.00064668186 84
0.00065869776 92
0.00066352716 82
0.00066249324 91
0.00067192866 90
0.0007108506 85
0.00064638432 83
0.00077206788 95
0.00070115814 98
0.00070588494 95
0.00070677882 89
0.00067082238 82
0.00060928434 78
0.00058959666 74
0.00059688342 84
0.00045930042 58
0.00055437048 72
0.00069264648 78
0.00061649766 81
0.00074879892 89
0.00077541858 98
0.00066483108 93
0.00058424724 80
0.0004946562 66
0.00063460926 89
0.0006093189 84
0.00063717156 83
0.00061488162 81
0.00051841206 73
0.00050557752 72
0.00059701464 83
0.00066810294 87
0.00058447296 81
0.0006639885 89
0.00062784306 85
0.00058333482 81
0.00053547858 74
0.00062852346 82
0.00058980888 79
0.00052611264 76
0.00061241436 83
0.00055651608 78
0.00062443566 84
0.00060802038 88
0.0006036642 79
0.00057066102 81
0.00054194616 78
0.0006144429599999999 80
0.00056025828 82
0.00052300476 77
0.00056655954 75
0.00066428658 87
0.00068796594 83
0.00061639146 79
0.0006056028 77
0.00060230916 77
0.00064828854 84
0.0004738095 64
0.0005210649 65
0.00063777294 76
0.00053615682 72
0.00059465754 79
0.0005512068 74
0.00052928622 72
0.00055269756 75
0.00045717948 64
0.00061425396 72
0.00060400512 83
0.00054586782 77
0.00059151492 75
0.00060040134 80
0.00063065556 80
0.00057680424 80
0.00054402588 72
0.00052707528 77
0.00051776712 69
0.00056354148 71
0.0005486292 75
0.0005835375 74
0.00062639262 81
0.0004578831 66
0.00057075804 76
0.0005752584 75
0.00059713992 79
0.00059723964 74
0.00061662906 79
0.00061761042 81
0.00067444794 85
0.00055391112 76
0.00067539204 84
0.00057114612 74
0.0005957451 78
0.00054259434 73
0.0005994306 76
0.00053074728 72
0.0005159187 71
0.00048458466 67
0.0006678023399999999 88
0.00069255882 95
0.00071993394 95
0.00058009806 82
0.000653049 82
0.000650745 85
0.0006557211 84
0.00067714974 88
0.00071136144 92
0.00069917742 95
0.00071202672 98
0.00065316204 85
0.00056290662 79
0.0005960502 79
0.00073170864 95
0.00075774438 98
0.00061272522 86
0.000644418 84
0.00067662396 87
0.00076921848 100
0.00076785084 102
0.00072557586 97
0.00067292964 86
0.00045456137999999997 67
0.0006291491399999999 77
0.00066675528 91
0.00032910516 31
0.00032132286 43
0.00021528882 28
0.00051304626 60
0.00050451804 73
0.00062622288 81
0.00067722264 82
0.00060306678 84
0.0006348249 81
0.00054501084 70
0.00062893098 79
0.00066340062 79
0.00070820406 84
0.00068663412 93
0.00068906826 90
0.0007217506799999999 91
0.00071267958 93
0.0006335987399999999 76
0.00067487076 86
0.00066363822 87
0.00070103736 92
0.00070861608 92
0.00067512744 92
0.00068071752 89
0.00061807212 78
0.00065886624 86
0.00064398708 81
0.00072229176 91
0.0007302285 93
0.00076243734 100
0.0006441001199999999 89
0.00054577044 77
0.00051859278 68
0.0005023926 68
0.00053895474 60
0.00056680722 64
0.00053935092 74
0.00037599911999999997 56
0.00037802106 46
0.00044158716 55
0.00056521782 71
0.00068029704 84
0.00070628436 90
0.00062674704 87
0.0005686722 66
0.00069140988 81
0.00070674642 91
0.00069550776 90
0.000614088 84
0.00068635458 87
0.0005781490199999999 83
0.0005464998 75
0.00053657838 78
0.00056698596 81
0.00053793486 78
0.00058801644 79
0.00060091686 85
0.00061551684 84
0.0006643107 92
0.00065189034 90
0.00051093486 79
0.00051939864 79
0.00067769226 91
0.00063977148 88
0.0007098830999999999 95
0.00067283532 88
0.0006447456 87
0.00055461402 84
0.00053658144 77
0.00057949614 84
0.00063923814 89
0.00069468534 89
0.00060189786 87
0.00060178158 82
0.0006055596 86
0.00059221296 76
0.00064620972 87
0.00063217116 81
0.00067340556 88
0.00068308002 86
0.00062158716 77
0.00064477602 84
0.0005803353 78
0.00058564044 76
0.00061684614 81
0.00059875002 82
0.0005847327 75
0.00061551864 82
0.00063689166 84
0.00050808582 66
0.00059120442 79
0.00059705082 80
0.00058146696 75
0.00062462934 77
0.00063316422 81
0.00049585302 66
0.00061008192 78
0.00057837672 77
0.0005677061399999999 78
0.00055580364 71
0.00052144362 71
0.00059757786 71
0.00050397858 70
0.00055762416 72
0.00062638776 80
0.00056699676 79
0.00057582684 75
0.0005526892799999999 73
0.00058104108 77
0.0005657184 79
0.0005692311 77
0.00060697854 79
0.00063169524 82
0.00066311604 85
0.00063082422 83
0.0005763717 77
0.00060046668 74
0.00057332826 80
0.0007332264 90
0.00073675134 100
0.00070704072 95
0.0007550064 101
0.00076511754 102
0.00076619196 96
0.00079795476 102
0.00070905906 96
0.00070491042 93
0.0007197669 98
0.00079323768 103
0.00075182526 100
0.00056588256 76
0.00074636838 96
0.0007633926 96
0.0008050651199999999 105
0.0007780946399999999 102
0.0007175330999999999 96
0.00075806676 102
0.00078608466 101
0.00076368762 102
0.00070494588 89
0.0007112654999999999 86
0.00060005646 80
0.0006929919 83
0.0007388739 97
0.00075968892 98
0.00072710478 98
0.0007970301 105
0.00081145314 107
0.00077557158 103
0.00075836772 99
0.0006957171 96
0.00072367326 92
0.00076080564 99
0.00038948832 62
0.00059768586 78
0.0006265996199999999 78
0.0007441324199999999 96
0.00079765326 107
0.00075297222 99
0.0007996752 101
0.00078466338 102
0.00074359332 96
0.00075921642 99
0.0007669639799999999 96
0.00072510174 92
0.00065986992 91
0.00069368796 90
0.0006760827 88
0.00075890106 101
0.00077804334 100
0.0007252605 95
0.00077771034 99
0.00075993174 100
0.0007739964 102
0.00080443368 102
0.00076245012 100
0.0007377219 95
0.0007959015 99
0.00077736204 103
0.00076281246 101
0.00047290499999999997 64
0.00043793316 61
0.00064495224 87
0.00060820992 80
0.00066034998 86
0.00072381114 89
0.00065808324 79
0.00073849122 94
0.0007743789 97
0.00076218858 107
0.0008194617 106
0.00075185262 101
0.000774945 97
0.00077840388 103
0.00079733322 103
0.0006624279 82
0.00060278652 78
0.00056759058 82
0.00057469014 84
0.0006016536 83
0.00058962168 82
0.00059240304 83
0.00066503196 89
0.00062357778 87
0.00063341874 85
0.00068240322 93
0.00065264688 91
0.00060693156 81
0.00061115292 83
0.00062706078 87
0.00062569278 87
0.00055320012 82
0.00052321716 80
0.00054651726 83
0.00053267652 77
0.0005622633 78
0.00056036268 81
0.000548649 79
0.0005320119599999999 76
0.00056958138 83
0.0005651406 81
0.00064849644 84
0.00058642236 80
0.00068088492 89
0.0006805044 90
0.00064973826 87
0.00069373458 87
0.00068247342 91
0.0006638193 87
0.00067674744 85
0.00062584164 82
0.00064850706 81
0.00063218772 80
0.00065651526 85
0.00062972676 87
0.0006219066599999999 85
0.00067593348 86
0.00065515176 86
0.00066958704 83
0.00065678076 87
0.0006234462 82
0.00059381712 84
0.00053388738 73
0.00053066412 71
0.00057731454 70
0.00059463756 80
0.00055329768 75
0.00056815452 74
0.00053840304 72
0.00054064386 72
0.00049653954 68
0.00055890648 78
0.0005562918 70
0.0005920488 78
0.00056307924 72
0.00056502486 75
0.00050925924 72
0.00055611738 79
0.00057355074 76
0.00048458448 72
0.00056579976 71
0.00058980492 78
0.00056054934 73
0.00049050306 62
0.00057752352 73
0.00071948502 97
0.00067862736 87
0.00069637104 89
0.00065587986 88
0.00066673854 86
0.00068600916 78
0.0006739794 91
0.00069974964 85
0.00067938606 85
0.0007154055 94
0.00072071622 96
0.00057596904 85
0.00063281772 79
0.00079293438 95
0.00070028982 93
0.00061658154 80
0.00070725546 83
0.0006668235 85
0.0007421516999999999 93
0.00064427328 87
0.0006719571 90
0.00050134914 70
0.00058273758 73
0.00074221452 87
0.00073217934 95
0.00074163348 95
0.00076136904 103
0.0007786044 102
0.00079539552 105
0.00074115432 99
0.00078202296 103
0.00071205606 96
0.00076457664 97
0.00084169566 110
0.00081493848 107
0.00080031978 106
0.00078780996 102
0.00075563748 100
0.00042132132 61
0.0005771357999999999 69
0.00061628994 76
0.00066893742 88
0.00076433058 100
0.00075098286 97
0.00076321962 95
0.00070718814 98
0.00065990484 86
0.00081323622 100
0.00075856482 98
0.0007399557 96
0.00079490142 107
0.00056308104 82
0.00063548442 86
0.00072376848 93
0.00077586552 101
0.00078539256 106
0.0008126964 106
0.00077429952 105
0.00069953922 97
0.00079272306 98
0.00078255666 100
0.0006660261 92
0.000755172 96
0.00079146072 104
0.00076740246 99
0.00079500474 105
0.00080856702 107
0.0007615035 106
0.0007677837 99
0.00077657778 100
0.00072828396 97
0.00064851246 84
0.00068754906 91
0.00080050752 103
0.000846252 108
0.00077972544 101
0.00074463174 96
0.0008068334399999999 104
0.00066915252 88
0.00057063294 79
0.00061796268 78
0.0006273234 81
0.00058690386 78
0.00054811998 79
0.0005141053799999999 74
0.00057934152 81
0.00063449802 84
0.000576711 79
0.00055260612 75
0.00060980058 81
0.00053355186 73
0.00060240402 80
0.00060420456 81
0.00055320678 79
0.00057423564 85
0.00060757524 80
0.00054118296 80
0.0005317326 78
0.0004826718 69
0.00052447554 74
0.00062775144 79
0.00052824654 80
0.00056689416 75
0.00059453388 78
0.0007145532 94
0.00066128994 88
0.00060470208 82
0.00067472532 82
0.0005544441 81
0.00057568302 75
0.0006126615 75
0.00064415052 85
0.00061501986 81
0.00062884494 79
0.00054426042 79
0.00065791602 83
0.00067169286 83
0.0006393114 88
0.00065837826 87
0.00061002342 82
0.00061519572 81
0.00058117788 78
0.0006169716 83
0.00062870418 81
0.00061242084 81
0.00061463286 76
0.00059962428 81
0.00057322008 80
0.00053854506 75
0.00061313958 84
0.00060669864 77
0.0006384348 82
0.00061947414 82
0.00059909904 79
0.00056382372 72
0.00064653012 81
0.00064428948 78
0.00061852194 83
0.0004997151 73
0.0006121323 81
0.00052391916 74
0.00061430418 77
0.00060213402 80
0.000602676 80
0.0005918625 78
0.00062297586 84
0.00054073332 76
0.00075914802 97
0.00078582438 94
0.00083956158 110
0.00073188 97
0.00071336574 93
0.00074402586 97
0.00081558954 107
0.000780903 101
0.00075724164 99
0.0007812378 103
0.0006937866 94
0.00073585278 99
0.00073363284 94
0.00066408174 94
0.00070072236 95
0.0007867998 96
0.00072655758 100
0.00080981442 107
0.00070864902 97
0.00074468322 96
0.00062559036 78
0.0005799797999999999 73
0.00058551822 75
0.00064234062 82
0.00066751236 89
0.0007104114 90
0.00070230168 89
0.00064018332 77
0.00068384862 87
0.00065069082 75
0.00069895962 92
0.0007794549 95
0.00054863568 78
0.00070115904 77
0.0007605009 94
0.00080342028 99
0.00079186842 103
0.00077327532 100
0.0007366014 91
0.00052142364 62
0.00055498068 60
0.0005879232 78
0.00061741656 86
0.00077035608 97
0.00079710822 103
0.00066388014 89
0.0007041950999999999 92
0.0007095753 96
0.0007266357 99
0.00073509498 98
0.00075636018 91
0.00062128494 88
0.00068398002 84
0.0006170958 80
0.00061484796 79
0.0005890734 84
0.00077503158 104
0.00061685154 89
0.00037045278 60
0.00062960112 81
0.00063143982 75
0.0006433479 78
0.0007031133 87
0.00069931836 94
0.00068884722 94
0.00077828328 102
0.0005393763 70
0.00057450294 80
0.00056057364 74
0.00067563594 86
0.00065397582 83
0.000621864 85
0.00068466348 83
0.00066658086 86
0.00056565882 73
0.000587178 71
0.00079143588 99
0.00068841306 83
0.00061665714 78
0.00073693188 88
0.0007043823 98
0.00064537344 81
0.00068356422 85
0.00062728758 84
0.0005805261 82
0.0006765246 88
0.0005874282 78
0.00061878708 84
0.00064871802 89
0.00061471098 85
0.0005487525 80
0.00056856042 80
0.0006537825 86
0.00060934662 84
0.00060931728 84
0.00068884614 93
0.00061768782 88
0.00055275498 77
0.0006659847 88
0.00070133238 93
0.0006422693399999999 85
0.0006443631 92
0.0006873444 92
0.00064173258 91
0.0006240904199999999 83
0.00064502604 88
0.00061343334 89
0.00062145342 89
0.0006294663 84
0.00071829144 86
0.0006526602 87
0.00064981764 86
0.0006502563 83
0.00068803344 86
0.00068335776 88
0.00068123214 86
0.0006191937 87
0.00055423944 77
0.00065148156 89
0.00064995876 82
0.00063854406 88
0.0006886026 86
0.0006806394 86
0.00070120134 90
0.00068330736 95
0.00066407832 92
0.00066316446 85
0.0005823657 82
0.00061575372 83
0.00065509848 80
0.00062990712 90
0.00066438288 84
0.00059480784 78
0.000655596 82
0.00056907576 77
0.0005969493 80
0.00051592122 72
0.00057927258 71
0.00054155016 74
0.00057169224 73
0.000628794 84
0.00060550362 79
0.00057611484 76
0.000654237 83
0.00059052294 79
0.00061125102 79
0.0005326956 76
0.00056266326 75
0.00056609442 76
0.00060770664 77
0.00062165034 80
0.00044979966 64
0.00057529296 74
0.00054347616 78
0.00055661832 78
0.0005508711 71
0.00058796496 71
0.0005987151 78
0.00058045896 77
0.00061495164 79
0.00056529432 74
0.00067527954 75
0.00063958446 81
0.0007402761 96
0.00077609862 102
0.00065534544 91
0.00066843234 80
0.00069436296 88
0.00066770298 91
0.00070510338 90
0.0007067376 89
0.0006963516 93
0.00069914772 91
0.00078340932 96
0.0007619796 96
0.00067706514 91
0.00069630534 96
0.00073488078 95
0.00071554824 94
0.00076495212 100
0.00075686382 102
0.00073396008 95
0.00060917814 79
0.00077130954 95
0.00071199 95
0.00071069616 93
0.0007569549 107
0.00065405916 83
0.00061358094 76
0.0005323122 68
0.00054324342 65
0.00044407602 61
0.00059941674 80
0.00073652022 91
0.00069154542 93
0.00057253734 77
0.00064481256 86
0.00073962468 95
0.00064595898 83
0.00066796344 82
0.00066217032 81
0.00079488144 102
0.0007214615999999999 99
0.00064293444 78
0.000726849 92
0.00066067848 84
0.00069958728 91
0.00079436718 101
0.00074375442 105
0.00074109402 99
0.00077463756 101
0.00061762788 85
0.00070356762 88
0.00079418106 100
0.00076327218 103
0.0007529796 100
0.0007506162 100
0.00070767432 93
0.00058014072 80
0.00076241394 99
0.0007289622 94
0.00066481596 87
0.00067199796 87
0.00073712178 92
0.00077950944 106
0.0007632207 102
0.0007780995 100
0.00074132172 98
0.00076398714 102
0.00069430158 91
0.00074591838 93
0.00079723314 97
0.00076188906 98
0.00067165416 90
0.00069677046 94
0.00070383618 88
0.00070248312 91
0.00075809538 98
0.00072822384 99
0.00077859522 101
0.00079625088 100
0.00071975574 98
0.00083267298 106
0.00083159046 106
0.00074716308 99
0.00078364602 102
0.00082777392 107
0.00071730936 94
0.00073052442 93
0.00074770092 97
0.0007450524 96
0.0006390927 89
0.00055911546 77
0.00062317332 80
0.0007268472 94
0.0006477795 86
0.00060746508 85
0.000620235 85
0.0006106257 79
0.00058402962 80
0.0005362329599999999 80
0.00063302292 83
0.00062681742 87
0.00065717856 88
0.0006241690799999999 83
0.00062543196 87
0.0006207125399999999 84
0.00057332502 82
0.00061896456 79
0.00069195528 90
0.00065814606 89
0.0006132411 83
0.0005712541199999999 83
0.0005950679399999999 83
0.0005979987 76
0.00062038854 85
0.000621747 80
0.00051710076 71
0.0006104286 77
0.00072429552 95
0.00063940356 89
0.00060141942 77
0.00067377096 82
0.0006163488 85
0.00063423846 83
0.00065582424 86
0.00053116416 77
0.000598482 77
0.00061883676 83
0.00068128038 81
0.00067141692 91
0.00061067736 80
0.00065929932 80
0.00062784864 86
0.0006511302 86
0.00050814108 70
0.0006068843999999999 75
0.00058606146 76
0.00051874974 66
0.00054028548 74
0.00060062976 80
0.00057557196 73
0.00049984146 68
0.00061505712 78
0.00060412806 75
0.0006238026 81
0.0005759141399999999 75
0.00060533748 76
0.00059110902 75
0.00049207104 70
0.00050801094 64
0.0005234706 74
0.00050060286 61
0.00057165624 72
0.00059530446 75
0.00061705152 79
0.0005897565 77
0.0006287904 78
0.00062639604 79
0.00050787126 65
0.00044265672 59
0.00053917758 67
0.00060661296 68
0.0005897169 76
0.00073030626 86
0.00070089714 93
0.00070368084 87
0.00068962644 85
0.0006896718 91
0.00070568838 91
0.00073138068 89
0.00069376356 89
0.00069006528 77
0.00076542876 95
0.00064189026 89
0.00055852866 73
0.0007691778 98
0.00069106536 94
0.0007498728 92
0.00071540694 91
0.00077906808 99
0.00077966154 102
0.00063749178 90
0.00064532358 81
0.00063691416 77
0.00074168568 92
0.00050530734 68
0.00056672244 77
0.00050842476 63
0.00062515062 79
0.00072414954 91
0.00071519346 97
0.00071664336 97
0.00079741026 100
0.00080084448 104
0.0008121753 105
0.00076000194 101
0.00075620088 100
0.00072289386 96
0.0007584103799999999 100
0.00055445634 71
0.00059726898 71
0.00066247488 83
0.00066202974 84
0.00073911222 94
0.0007474851 96
0.00068989482 95
0.00071530488 92
0.00073478772 96
0.00073363374 94
0.00073865556 97
0.0005855596199999999 74
0.00054281016 69
0.0005541966 66
0.00043985987999999997 61
0.00058610358 66
0.00058986162 76
0.00041325606 52
0.00053165952 57
0.00044930826 56
0.0005403698999999999 65
0.00050261922 71
0.0005447313 66
0.00053768772 71
0.00051735222 66
0.00046320066 66
0.00031084614 37
0.00053253126 59
0.00054361836 66
0.0003963996 60
0.00032103306 42
0.00028742562 37
0.00035954586 48
0.00038885562 50
0.00038430036 50
0.00035367624 40
0.00033481188 38
0.00032085792 37
0.00037656054 38
0.00031614498 35
0.00037619082 42
0.00049914936 64
0.0005459508 74
0.00055634076 68
0.00071301816 94
0.00071050932 92
0.00061552062 88
0.00062144532 84
0.000558585 78
0.0005928759 82
0.0005903262 76
0.000535104 75
0.00051546654 73
0.00056546568 79
0.00061604712 84
0.00060975288 78
0.00053828316 77
0.00058977144 83
0.0006958071 94
0.00063754866 92
0.00053858268 80
0.00054165492 78
0.00047841282 73
0.00058176378 82
0.0006695226 88
0.0006495309 88
0.00057988062 81
0.00059974506 82
0.00058229694 81
0.0005426019 78
0.0005454792 78
0.00052734492 81
0.00056190186 83
0.0005952645 83
0.00066793176 94
0.00070048332 91
0.0006764803199999999 85
0.00067147002 84
0.00070347132 93
0.00068071698 88
0.00068761044 89
0.00068883552 92
0.00065928546 93
0.00070853958 92
0.00073358316 85
0.00067624722 86
0.00067787514 89
0.00074422422 88
0.00071388864 98
0.0007157554199999999 89
0.0007323723 91
0.00070241562 92
0.0007069725 95
0.00068633118 92
0.00066858192 86
0.00065392452 85
0.0006024501 82
0.00067388382 93
0.00075025116 93
0.00070087698 96
0.00060393276 85
0.00063140094 79
0.0006037011 80
0.00058612644 76
0.00051649614 69
0.00050609556 63
0.00052033338 66
0.00055848996 66
0.00051985224 67
0.0004543011 65
0.00050482944 65
0.00052222986 69
0.0005884515 77
0.00055401138 70
0.00055004166 67
0.00060151734 78
0.00046394982 65
0.00053987184 68
0.00054755334 69
0.00063789372 78
0.00052159212 68
0.00047702898 66
0.0006339681 83
0.00060561828 80
0.000570222 79
0.0006276987 83
0.00057208374 77
0.00059304996 77
0.00053915904 74
0.00054700002 72
0.00052183476 74
0.00047755638 60
0.00065531844 85
0.00067773096 85
0.0005406165 73
0.0006926463 81
0.00071329608 96
0.00076077324 96
0.00069148404 91
0.0006995871 91
0.0007231275 96
0.00069816294 90
0.0007490628 93
0.00071928918 91
0.00073711494 90
0.0006912513 86
0.00052091334 70
0.00063106596 84
0.00065756538 84
0.00067674834 86
0.00067328388 83
0.00077267862 93
0.0008345484 105
0.00075528486 101
0.00074454282 99
0.00073791036 98
0.00064362726 84
0.00052717266 77
0.00071496126 80
0.00066157902 82
0.00065373372 86
0.00059630904 71
0.0003405753 47
0.00069589836 84
0.00072469098 91
0.00074174886 98
0.00079783938 99
0.00071445492 95
0.0007252722 94
0.00069243984 92
0.00077300082 90
0.00077853042 105
0.00060546618 76
0.00065522016 86
0.00059931522 80
0.00071005752 89
0.00083458764 101
0.00073425438 99
0.00063412956 88
0.000734553 92
0.00051427278 75
0.00062901036 73
0.00066832668 83
0.0006932916 92
0.00055681938 80
0.0006351003 83
0.00061250508 86
0.00061712064 84
0.00072968598 89
0.00074080494 98
0.00082515582 104
0.00072187488 96
0.0007977582 97
0.00080198802 106
0.00083106018 113
0.00086425992 108
0.00079227774 104
0.00077964642 103
0.00074990214 97
0.00069748416 94
0.00056184066 74
0.00063770184 80
0.00071904096 96
0.00077411016 100
0.0007422165 94
0.00077597892 96
0.00071075196 95
0.0008027289 102
0.00073290006 100
0.00069076044 80
0.0007878384 99
0.00081932274 110
0.00080359092 99
0.00083898648 107
0.00081040302 107
0.00072325278 90
0.0007058268 86
0.00063681156 85
0.00059279598 80
0.000631584 82
0.00062331714 88
0.00054702954 76
0.00054524934 75
0.0006259482 82
0.00061634376 87
0.0005698053 80
0.00055332684 78
0.00063168966 88
0.00060257556 82
0.0006145619399999999 87
0.00066069846 87
0.00060521238 83
0.00058735134 82
0.00060862446 83
0.00057616848 82
0.0005935338 80
0.00060548958 82
0.00061364142 82
0.00056734776 82
0.00059127498 85
0.00068314626 88
0.00055491534 78
0.00060659262 72
0.00069438618 84
0.00065859606 86
0.0006761115 87
0.00065988108 87
0.00071685342 90
0.00067677174 87
0.0006974265599999999 93
0.00067570146 85
0.00063356364 83
0.00064998 86
0.00060330834 80
0.00063520794 84
0.00061345242 80
0.00068540454 96
0.00070024896 92
0.0007283466 91
0.00075484368 97
0.00066730554 89
0.00070158726 91
0.00061561224 85
0.00055164114 69
0.00052777728 65
0.00048763584 69
0.00048088602 67
0.00047307114 62
0.0005008554 64
0.0004384116 60
0.00042508782 58
0.00048370536 65
0.00042018372 62
0.00049597668 65
0.0005657634 71
0.0005047605 70
0.0004914243 62
0.0004387923 60
0.00054916236 69
0.00056816442 68
0.0005528772 72
0.00055585188 72
0.00049534704 66
0.00049007142 63
0.00048582828 68
0.00053534322 73
0.00044911476 60
0.00060483366 76
0.0007600381199999999 101
0.0008118847799999999 102
0.00077975064 105
0.00074030706 101
0.00074047176 96
0.00068788044 92
0.0005574771 69
0.00060550812 68
0.00067988772 86
0.00058773006 81
0.00056430774 73
0.00060191928 75
0.00069578532 91
0.00044905553999999997 58
0.00053560386 63
0.00065677464 85
0.00067271634 86
0.00061979022 85
0.00065730042 84
0.00070613532 86
0.0006055677 75
0.00058461354 75
0.00064380474 88
0.00061661466 78
0.00060992388 79
0.00060426702 74
0.00063381924 76
0.00065735298 85
0.00067625964 82
0.00067684824 84
0.0006392637 80
0.0006432363 80
0.00080964864 95
0.00065780784 83
0.00065039346 88
0.00069299172 84
0.00075649104 95
0.00074521476 99
0.00070441308 98
0.0005959621799999999 84
0.00067608234 86
0.0007871067 101
0.00074823552 97
0.0007542277199999999 98
0.00077793516 101
0.00075276846 100
0.00078355296 101
0.000734409 97
0.0008117892 98
0.0008343068399999999 109
0.0008161785 105
0.00073880964 99
0.00083671326 108
0.00048438144 68
0.00063109386 86
0.00079174116 98
0.0007267347 95
0.00075159882 95
0.0007391449799999999 102
0.00073295082 97
0.00083619486 105
0.0007532621999999999 102
0.00073756368 95
0.0007140627 99
0.00077255568 102
0.000779508 103
0.00074140848 102
0.00075795372 97
0.00070344126 95
0.00076550112 95
0.00076569156 96
0.00078991812 105
0.00081023256 103
0.00071495784 96
0.0007637301 99
0.00076976946 101
0.00080520084 106
0.00078871248 104
0.00077506614 104
0.00078175116 97
0.00075027546 98
0.0007388249399999999 100
0.00076729572 102
0.00084718404 104
0.0007148394 96
0.00071376786 92
0.00074436786 96
0.00070496442 96
0.00075124224 98
0.00078476058 100
0.00076618962 101
0.00078170238 96
0.00072860418 96
0.0008118459 105
0.00074200572 92
0.00078675858 105
0.00075554406 93
0.00079586352 102
0.00078328404 104
0.0008205597 106
0.00072405378 100
0.0006243147 87
0.00048512142 73
0.00054793836 76
0.0005346819 76
0.00061429914 82
0.00057976974 76
0.0005144031 76
0.0005006592 72
0.00055748808 78
0.00056033208 78
0.00060857388 85
0.00060084054 82
0.00050408892 78
0.00052418448 73
0.0006289587 80
0.00054671814 80
0.0005095197 76
0.00054392256 74
0.00056683026 75
0.00054398862 77
0.00062109414 87
0.00063860022 89
0.00059691654 82
0.00055240182 81
0.00055194174 83
0.00057771954 78
0.00051111972 77
0.00054771804 77
0.00065548728 89
0.00060575076 78
0.00060997212 81
0.00050090796 67
0.00059654682 73
0.00049924044 68
0.00058129668 68
0.00064282608 82
0.00056861586 77
0.0005483574 72
0.00063618246 77
0.00048778236 60
0.0004944258 63
0.00050218398 66
0.00040062528 57
0.0004020165 52
0.00044505234 60
0.00052274142 60
0.00050673168 62
0.00048448332 63
0.00045681624 60
0.00059810526 76
0.00053847702 70
0.0006562773 77
0.00061020018 81
0.0004884597 70
0.00063411678 78
0.0005821158599999999 76
0.00058561002 72
0.00057598452 72
0.0005206392 58
0.0005668281 73
0.0005157639 66
0.00044390466 63
0.00047233818 64
0.00042229872 63
0.0004847292 62
0.00046140606 64
0.00054092862 74
0.00059982462 73
0.00056143584 73
0.00060685632 76
0.00057132162 75
0.00054583038 68
0.00061451928 76
0.00061059546 72
0.00060136452 76
0.00051452046 73
0.0004898826 60
0.0005356641599999999 65
0.0004209183 65
0.00039786732 56
0.00042499692 55
0.00050232474 65
0.0004864302 61
0.0004574781 54
0.00053033994 68
0.00054422766 71
0.00069898266 91
0.0005176512 75
0.00061713612 77
0.00072630306 88
0.00070270542 95
0.00074631222 100
0.000605808 83
0.00060967296 74
0.00059809104 79
0.00062493084 85
0.00065160288 83
0.00060122484 85
0.00064446084 85
0.00075653334 91
0.0007912746 102
0.00081247032 105
0.0007058268 95
0.00069274512 86
0.00055179378 73
0.00065034126 85
0.00079283988 104
0.00070369686 93
0.0007529751 100
0.00082284282 107
0.00082132128 110
0.00078502176 106
0.00079204392 107
0.00078087942 107
0.00078281874 102
0.00071332632 97
0.00070628364 92
0.0008227611 101
0.00076495788 99
0.0006878583 89
0.0006685722 88
0.00068591646 93
0.0007691472 100
0.0007751682 102
0.00075590352 103
0.00082863828 105
0.00080079678 104
0.00072278766 97
0.00073922346 96
0.00080169588 104
0.00080490906 103
0.00079691598 103
0.0004636368 61
0.0007201337399999999 87
0.00068335326 88
0.00063893664 87
0.00069920802 88
0.00080992746 102
0.00077281326 103
0.00079032708 99
0.00072805248 99
0.0007776246599999999 102
0.00072579726 95
0.0007469352 99
0.00070138026 94
0.0007564901399999999 97
0.0006657193799999999 86
0.00065337192 85
0.00078246108 98
0.0005915664 72
0.00070789392 88
0.00076815648 97
0.00067693194 95
0.00063990054 83
0.00061025238 78
0.00056740482 68
0.00064035342 82
0.00057132918 72
0.0007659306 99
0.0006733053 91
0.0005989275 79
0.00072370224 90
0.0006483195 84
0.0006909084 91
0.00072803772 94
0.0007769313 95
0.00080764614 101
0.00076302 99
0.00071578512 96
0.00068350428 87
0.0006149664 79
0.00078469776 94
0.00074107692 102
0.00068162976 93
0.00071385822 92
0.00074457252 95
0.0007221931199999999 106
0.0006265152 83
0.00061495398 74
0.00063766764 84
0.00060686928 86
0.00063995112 89
0.00056164734 79
0.00056408724 78
0.00054084276 78
0.00051333732 77
0.00057483252 76
0.000527058 75
0.0005414362199999999 74
0.00059940198 83
0.0005910371999999999 82
0.00055654596 79
0.00061362702 85
0.00060604182 82
0.00057792978 82
0.00055280412 82
0.00054911682 80
0.0005418117 78
0.00049255236 73
0.0005171103 75
0.00058411908 79
0.00054703206 81
0.0005905161 83
0.00051482466 76
0.00054466362 77
0.00055951308 79
0.0006337314 79
0.00060369624 83
0.00067178826 84
0.00058874832 81
0.00056314728 78
0.0005699410199999999 72
0.00056800746 73
0.0005191812 69
0.00055829322 75
0.00057440646 75
0.0005803056 74
0.00062380494 82
0.00071058204 83
0.00067028634 85
0.00063674118 78
0.0005529050999999999 72
0.00059735286 74
0.00052704504 72
0.0006051285 72
0.00063373428 83
0.0005433093 73
0.00053880876 73
0.00059409072 71
0.00057541914 73
0.0005091804 71
0.00053486226 75
0.00048546126 65
0.0005508513 73
0.00061028586 77
0.00053759124 73
0.00045936774 67
0.00058224006 68
0.00046412748 66
0.0005414436 71
0.00055183482 74
0.0005770404 72
0.00053491626 70
0.00052685478 65
0.0005337945 72
0.0005246352 71
0.00050786748 68
0.00050644278 67
0.0005710212 73
0.00056756358 73
0.00050658912 69
0.00058807764 75
0.00052785234 70
0.00061812036 80
0.0005764509 73
0.00068913072 80
0.00065288304 83
0.00058413888 76
0.00056092788 68
0.00056419056 73
0.00057231486 74
0.00052914042 70
0.0007691454 97
0.00070425918 90
0.0006672231 80
0.00068233572 89
0.00072795132 98
0.0006300817199999999 88
0.00066126474 85
0.00045973134 70
0.00062796024 84
0.00067304052 85
0.00076224924 96
0.00075054132 94
0.0007227387 96
0.00080394426 101
0.0007497864 97
0.00079006788 106
0.00080947836 104
0.00062550954 83
0.00061691328 84
0.00066092004 86
0.00061751808 86
0.00063106596 90
0.00063857718 83
0.0005841468 78
0.00055937322 71
0.0006251930999999999 80
0.0005848038 72
0.0006229474199999999 82
0.00064750518 77
0.0005862581999999999 80
0.0006345468 72
0.00065385414 85
0.00060822216 81
0.0007023033 92
0.00065141784 81
0.00067104324 90
0.00060199506 81
0.00068018994 92
0.00038594934 55
0.00073631754 82
0.00058284342 76
0.00074758194 90
0.00067427244 89
0.00061875594 75
0.00056230434 67
0.00074655828 98
0.00071960634 93
0.00074946762 100
0.00070494858 98
0.00074059056 93
0.00080482086 100
0.0007361379 94
0.00080651304 102
0.00077749938 106
0.00078704802 104
0.00076666806 103
0.00078046488 100
0.0007390296 100
0.0004444155 59
0.00068806476 76
0.00063330462 81
0.0006991914599999999 90
0.00068296842 90
0.00071496504 92
0.00057032964 59
0.00067308444 88
0.0006005455199999999 82
0.0005987871 80
0.0006562125 81
0.0007718778 101
0.00070922142 98
0.0006628752 87
0.00056493594 77
0.0006152049 81
0.00061803054 84
0.00060681744 83
0.0007266537 96
0.0007106598 92
0.0007372611 97
0.00067628538 94
0.00078136956 91
0.00068768262 90
0.00070035606 87
0.00070130844 93
0.00068677272 92
0.00072438066 99
0.00073662048 98
0.0007417062 98
0.00079063632 98
0.0006425892 89
0.00072678924 92
0.00054133938 72
0.00060678018 84
0.00075023406 88
0.00071989416 92
0.00081097182 107
0.00079278534 101
0.00074827548 96
0.00075258594 97
0.00071864874 94
0.0006793774199999999 90
0.00073162566 95
0.0007780690799999999 103
0.00075006756 98
0.00084285126 102
0.00053534088 77
0.00044079948 67
0.00045633132 68
0.0005510835 79
0.0005514813 73
0.00048562722 62
0.00052504038 71
0.00041578668 65
0.00052830882 76
0.00052097166 80
0.00056211354 80
0.00053558244 72
0.0005565902399999999 75
0.00059449014 82
0.0006273801 80
0.00065222586 76
0.00051471054 71
0.00053476812 73
0.00051933168 75
0.00052110054 78
0.00051746778 74
0.00052126038 73
0.00063464274 86
0.00055365102 84
0.00060036912 80
0.00055927188 77
0.00061355826 77
0.00058453002 78
0.00063822096 81
0.00064876248 86
0.00064261998 81
0.00058569462 78
0.00060684264 83
0.0006383529 89
0.00059086314 75
0.00063956718 80
0.00067718016 91
0.0006659258399999999 86
0.00061442082 78
0.00056437164 78
0.0006563845799999999 83
0.0005694093 80
0.0006110577 81
0.00061425486 76
0.00053215974 73
0.00063096822 79
0.00063272052 83
0.00066797226 85
0.0006179022 82
0.00067187286 85
0.00055077696 75
0.00055438578 73
0.00059401566 77
0.0006822702 83
0.00059196564 77
0.00058077972 78
0.00056876526 79
0.0005760801 74
0.00058252698 80
0.00052952508 67
0.00060000246 79
0.00052961472 73
0.00054494766 74
0.00060172308 77
0.00050170716 69
0.0005445441 76
0.00053781264 73
0.0006242823 82
0.0005407011 78
0.00058684896 78
0.0006109704 82
0.00060403932 80
0.00056424456 78
0.00058639446 78
0.0005614191 77
0.00074164698 95
0.0006900318 94
0.0005426262 79
0.00039471552 42
0.00046470204 61
0.00054565236 74
0.00047969208 67
0.00060593292 77
0.00069029064 83
0.00066721446 82
0.00071208414 95
0.00068353128 89
0.00063374976 82
0.00062724618 74
0.0005456745 71
0.0006313692599999999 81
0.00059827734 82
0.00066993894 91
0.00062209944 82
0.00058854312 76
0.00059958378 81
0.0005025528 78
0.00054141012 79
0.00060271722 75
0.0006090795 82
0.00070034634 91
0.0006138855 86
0.0006340599 78
0.00071582382 93
0.00051826932 66
0.00033946596 50
0.0006471054 76
0.00078771978 102
0.00071798292 91
0.00061202016 76
0.000682821 87
0.00068554764 92
0.00065946312 80
0.00074003346 91
0.00076607676 105
0.00068915844 89
0.00071171802 95
0.00077381442 98
0.00075766986 101
0.00070506018 95
0.00077867568 97
0.00072894924 97
0.00075346614 98
0.0005047218 60
0.00064708092 79
0.00062700966 80
0.00072892962 97
0.00068234418 91
0.00068554008 84
0.00056590578 75
0.00064744884 77
0.00078463782 100
0.00075524256 100
0.0006771591 96
0.0007130412 93
0.00058867146 84
0.0005726124 76
0.00066609576 81
0.00068669712 91
0.00074609244 95
0.00051305778 73
0.00066231756 81
0.00065964204 79
0.00070895898 82
0.0006627303 90
0.00071258508 98
0.00075787902 94
0.00076980744 102
0.00073241424 96
0.00068868648 95
0.00076752756 90
0.00052903458 66
0.00068727978 84
0.0007129521 92
0.00075282822 97
0.00075114612 97
0.0006615963 87
0.0007699303799999999 93
0.00045141984 48
0.00067178502 90
0.00060493698 80
0.00086370552 111
0.00074684646 100
0.00079424244 106
0.00078773922 104
0.00081079722 110
0.00084152538 114
0.00075387582 101
0.00079931934 104
0.00083355858 108
0.0007736193 104
0.0007023042 99
0.00079568316 108
0.0007633305 105
0.00074209266 100
0.00077149044 100
0.00061645338 78
0.0005803011 81
0.00059073084 84
0.00060617502 84
0.00061284996 83
0.00055284624 77
0.00051569136 74
0.0005853951 82
0.00057444984 78
0.0006421523399999999 84
0.000587268 80
0.00054563742 76
0.00058775256 84
0.00060458598 80
0.00057837726 76
0.00057815694 82
0.0006424938 89
0.00060753942 84
0.0005461029 77
0.00065935944 82
0.00060576426 85
0.00063028008 86
0.00060656418 81
0.00063100476 84
0.00060048234 84
0.0005498145 78
0.00059587794 78
0.00059868072 77
0.00058156758 80
0.00063360108 84
0.00062813826 85
0.0005402637 74
0.000558585 75
0.00050443074 70
0.000608553 76
0.0006310287 79
0.00060595704 76
0.00060443568 79
0.00057457746 82
0.00055515312 73
0.00054239382 74
0.00050005008 74
0.0007300449 88
0.00065602134 83
0.00060509808 78
0.00054283554 70
0.000553932 71
0.00055918746 70
0.00065067732 85
0.00065973852 91
0.0006180246 85
0.00060866982 83
0.00060148224 82
0.00067319154 87
0.00068904666 92
0.00065272032 91
0.00059440986 77
0.00063047772 83
0.0006168357 86
0.00061585902 80
0.00047437488 69
0.0004783887 65
0.00059117454 74
0.0006948927 88
0.00056976588 83
0.0006162633 80
0.00059909076 85
0.00062685072 81
0.00054275184 73
0.00058573656 76
0.00061809156 81
0.00058594572 77
0.00058679172 81
0.00065454048 94
0.00061257024 74
0.00056439306 75
0.00067718232 83
0.00055972818 75
0.00069308208 72
0.00069833304 88
0.00058992552 78
0.00062316738 79
0.00063735876 81
0.00080978004 101
0.00069717456 89
0.00076238082 97
0.00084006702 105
0.00077311314 104
0.00078615 101
0.00076260402 103
0.00066782052 85
0.000439929 64
0.00063872856 87
0.0006294483 82
0.00076515102 88
0.00056608344 78
0.0007064307 95
0.0006544251 92
0.00068834214 93
0.00080926128 100
0.00069632046 89
0.0006748088399999999 89
0.00054184356 77
0.00072298566 89
0.00075236922 99
0.00059620608 72
0.0005830038 76
0.00074731446 91
0.0007424208 96
0.00070851564 88
0.00074483604 92
0.00080939214 102
0.00073134018 96
0.00073442484 97
0.00077142582 98
0.00078874704 101
0.00077547654 101
0.0006594847199999999 91
0.00081704808 99
0.00066700188 91
0.000767349 98
0.00073750428 100
0.0006982641 95
0.00069478344 92
0.00076839282 97
0.0006238819799999999 77
0.00057473532 75
0.0005338053 75
0.00058746924 79
0.00070902846 90
0.0008010323999999999 104
0.0007297848 101
0.00065576934 93
0.00073079964 95
0.00065531268 92
0.00064161054 88
0.0007349355 98
0.00075714192 100
0.00078640362 99
0.0007621965 102
0.00066878316 88
0.0006238342799999999 82
0.00063725454 80
0.0006963218999999999 88
0.00071980686 93
0.00072825984 89
0.00067083786 85
0.00071822322 93
0.00058226328 79
0.00074101482 93
0.00074723346 99
0.0007209129599999999 97
0.00081358758 98
0.00070078212 91
0.00062249094 82
0.00072342108 92
0.00065242314 84
0.0007088166 82
0.00057164274 65
0.0006375285 87
0.00067663692 79
0.00069963408 95
0.00075540114 102
0.00082242666 104
0.0007620114599999999 100
0.00073550826 97
0.00066540636 88
0.0006894513 90
0.00070376418 94
0.00070518006 87
0.0007706412 97
0.00077965236 101
0.00078588342 101
0.00082478322 104
0.0007072091999999999 97
0.0006012945 83
0.00056374398 74
0.00060382098 79
0.00066908952 83
0.00064139688 85
0.00061604748 86
0.00058784292 83
0.00065889504 86
0.00057214962 81
0.00064359504 86
0.0006427674 91
0.00059446818 85
0.00062667324 83
0.0006116156999999999 85
0.00059311116 86
0.0005967243 78
0.0005920558199999999 81
0.00062680356 89
0.0005189166 75
0.00059009202 81
0.0006186969 85
0.00058316724 81
0.00065310084 84
0.00059343822 83
0.00063170298 90
0.0005381136 77
0.00053647686 79
0.00047418984 70
0.00059977476 79
0.0006874758 90
0.00060947694 85
0.00065266938 88
0.00065930544 86
0.0006605379 81
0.00070887114 95
0.00070274358 93
0.00058392792 78
0.00055600992 73
0.00070301934 86
0.00068713686 87
0.00061424136 84
0.00062471142 79
0.0007178934599999999 91
0.0006424632 93
0.00055137834 78
0.00067861782 89
0.00065422926 88
0.00056519406 82
0.00063294948 85
0.0006879402 88
0.00064348488 82
0.00067825836 82
0.00064557306 84
0.0006623145 88
0.00072657972 91
0.00070748496 94
0.00060743574 83
0.00050100786 75
0.00058594104 81
0.00056235168 73
0.000620433 80
0.0006552054 87
0.00057729294 77
0.00066468528 85
0.0005503761 79
0.00065323098 81
0.0005843412 81
0.00058057632 75
0.00059980392 74
0.00061925328 80
0.0005184639 73
0.00060021234 77
0.00057260412 77
0.00058419486 80
0.00063857826 85
0.00063870678 77
0.00059160942 83
0.00056332944 77
0.00065799342 84
0.00059237352 80
0.00061628544 84
0.00061109568 84
0.00056274732 79
0.000587871 76
0.00052715232 74
0.00079799166 101
0.00073820754 99
0.00062076348 83
0.0005603589 78
0.00064514466 84
0.00068332968 84
0.00073099908 95
0.00070750782 88
0.00071150094 91
0.0006273873 79
0.00062564778 81
0.00057549978 74
0.00067314384 81
0.00075988404 98
0.000687546 89
0.00070885566 98
0.00064933938 88
0.00079234938 95
0.00080505864 100
0.00053067798 71
0.00064011978 83
0.00065499624 78
0.00069242706 94
0.00063375354 78
0.00077862114 101
0.00068893074 91
0.00079079544 94
0.00054721926 77
0.00064915074 84
0.00072538488 92
0.00071683722 79
0.00070441326 92
0.00078690654 95
0.00069001668 89
0.00069666498 92
0.00065703996 81
0.00038967191999999997 60
0.0006815961 84
0.00067941144 89
0.00075535902 97
0.00071836884 93
0.00077159736 99
0.00069666444 94
0.00076613886 97
0.000731907 95
0.00071103006 91
0.00070838478 90
0.000633582 87
0.00076087152 100
0.00074155374 99
0.0003957615 49
0.00062725464 77
0.00048702744 60
0.00064407924 83
0.00072380664 98
0.0006964902 87
0.0007933716 97
0.00050992992 77
0.0007060329 84
0.00074394792 95
0.00072921114 92
0.00067754772 91
0.00072465588 92
0.0007644231 99
0.00068538024 87
0.00071413254 89
0.00068016654 89
0.0007068627 94
0.00072932238 93
0.00070742268 91
0.00071935308 94
0.0006436881 85
0.0005899662 75
0.0006432038999999999 82
0.0005708727 79
0.00064706238 80
0.0007282602 88
0.0006545833199999999 84
0.00069927948 87
0.00070862814 93
0.00060868386 80
0.00068464512 88
0.0007019621999999999 84
0.00076561758 100
0.00079841178 107
0.00072965556 96
0.00075598776 97
0.0007123617 83
0.0005381847 74
0.00057870216 82
0.0006814152 84
0.00063729468 81
0.00066386574 86
0.0007447212 97
0.00067426974 92
0.00077039532 89
0.00073146168 92
0.00073077606 96
0.00075754386 95
0.0006767364599999999 90
0.00083635488 110
0.00080893836 105
0.00072752706 90
0.00079708464 101
0.00076974318 96
0.0007512888599999999 97
0.00059506938 83
0.00056427336 83
0.00056049966 79
0.0005499018 79
0.00054797454 81
0.00058739382 81
0.0006410061 86
0.00062736102 86
0.0006582384 83
0.00065835342 91
0.00060431688 84
0.0006194122199999999 84
0.00057001806 82
0.00054096912 77
0.00069044526 92
0.00062167878 88
0.00055705392 84
0.0006008202 81
0.00059112288 86
0.0006881436 88
0.0006400236599999999 90
0.00052364772 75
0.00047861244 71
0.00054215712 73
0.0006142035599999999 84
0.00056747142 82
0.00058068324 81
0.00057474846 80
0.00059886072 82
0.00064548918 79
0.00062823996 83
0.00066746376 90
0.00069431598 89
0.00063251388 85
0.000632448 88
0.00070460982 93
0.00061803612 81
0.00062868546 83
0.0006679566 86
0.00069278994 85
0.00063257688 79
0.00060571332 79
0.00064805148 90
0.00062053794 82
0.00060517116 81
0.00065457828 84
0.00069876252 88
0.0006051582 76
0.00060286464 76
0.000596727 75
0.00049820202 69
0.00060244686 76
0.0005956461 78
0.00061234128 76
0.00059901876 75
0.0006250113 77
0.00055392318 78
0.00059174766 79
0.00048411594 69
0.00059754186 81
0.00056651436 76
0.00058303296 79
0.0005714514 78
0.00060465906 80
0.00049690008 70
0.00053874594 72
0.00053982486 73
0.00064340352 85
0.00064960074 82
0.0006472746 81
0.0007018176599999999 90
0.00058987998 79
0.0005743305 79
0.0006287823 87
0.00062091396 88
0.00062443314 81
0.00067212468 85
0.0007151085 92
0.00054722196 73
0.0006012576 80
0.00059347026 79
0.00057676572 77
0.00060458724 81
0.0006326658 81
0.00059390028 82
0.0005772857399999999 80
0.0005651847 79
0.00062056134 77
