7.836156e-05 435342 8463 0 102400 819200 8463 0 11711 2075
7.836156e-05 435342 7004 0 102400 819200 7004 0 10834 2200
7.83612e-05 435340 3600 0 102400 819200 3600 0 4673 683
7.836156e-05 435342 4382 0 102400 819200 4382 0 6604 1193
7.836138e-05 435341 5879 0 102400 819200 5879 0 9220 1825
7.836138e-05 435341 7394 0 102400 819200 7394 0 10976 1994
7.836156e-05 435342 7974 0 102400 819200 7974 0 14735 2906
7.83612e-05 435340 9722 0 102400 819200 9722 0 14221 2763
7.836156e-05 435342 10348 1 102400 819200 10348 1 17451 3476
7.836156e-05 435342 6955 0 102400 819200 6955 0 10589 1799
7.83612e-05 435340 9343 0 102400 819200 9343 0 14566 2856
7.83612e-05 435340 10105 1 102400 819200 10105 1 14919 2850
7.83612e-05 435340 2906 0 102400 819200 2906 0 3721 484
7.836138e-05 435341 6300 0 102400 819200 6300 0 9971 1999
7.836138e-05 435341 7442 0 102400 819200 7442 0 10769 1865
7.83612e-05 435340 10295 1 102400 819200 10295 1 18568 4011
7.83612e-05 435340 9633 0 102400 819200 9633 0 13938 2578
7.836156e-05 435342 20318 1 102400 819200 20318 1 39053 8573
7.836138e-05 435341 13774 1 102400 819200 13774 1 24489 5370
7.836156e-05 435342 11922 1 102400 819200 11922 1 19694 4181
7.83612e-05 435340 14092 1 102400 819200 14092 1 22524 4646
7.83612e-05 435340 11121 1 102400 819200 11121 1 19480 4488
7.83612e-05 435340 8882 0 102400 819200 8882 0 13310 2381
7.836156e-05 435342 5573 0 102400 819200 5573 0 8633 1668
7.83612e-05 435340 7159 0 102400 819200 7159 0 11555 2304
7.83612e-05 435340 3999 0 102400 819200 3999 0 6018 981
7.83612e-05 435340 5713 0 102400 819200 5713 0 9246 1823
7.836138e-05 435341 8311 0 102400 819200 8311 0 13598 2738
7.83612e-05 435340 8245 0 102400 819200 8245 0 14378 2911
7.83612e-05 435340 7992 0 102400 819200 7992 0 11611 2089
7.83612e-05 435340 34080 1 102400 819200 34080 1 54724 11283
7.836138e-05 435341 7471 0 102400 819200 7471 0 11853 2132
7.83612e-05 435340 8315 0 102400 819200 8315 0 11893 2025
7.83612e-05 435340 8290 0 102400 819200 8290 0 14654 3080
7.83612e-05 435340 9160 0 102400 819200 9160 0 18708 4346
7.83612e-05 435340 8192 0 102400 819200 8192 0 13924 2868
7.83612e-05 435340 8414 0 102400 819200 8414 0 14600 2701
7.83612e-05 435340 5609 0 102400 819200 5609 0 9661 1991
7.83612e-05 435340 13081 1 102400 819200 13081 1 27815 5774
7.836156e-05 435342 9047 0 102400 819200 9047 0 17807 3909
7.83612e-05 435340 10234 1 102400 819200 10234 1 17545 3717
7.836138e-05 435341 13997 1 102400 819200 13997 1 22919 4173
7.83612e-05 435340 10370 1 102400 819200 10370 1 18681 3850
7.83612e-05 435340 10595 1 102400 819200 10595 1 17780 3691
7.836156e-05 435342 7215 0 102400 819200 7215 0 9324 1396
7.83612e-05 435340 2555 0 102400 819200 2555 0 3182 412
7.83612e-05 435340 4515 0 102400 819200 4515 0 6406 1139
7.836156e-05 435342 4463 0 102400 819200 4463 0 6509 1052
7.836156e-05 435342 1515 0 102400 819200 1515 0 1910 239
7.836138e-05 435341 8264 0 102400 819200 8264 0 11426 1912
7.836156e-05 435342 10859 1 102400 819200 10859 1 20022 3975
7.83612e-05 435340 6824 0 102400 819200 6824 0 10186 1853
7.836156e-05 435342 8265 0 102400 819200 8265 0 11591 1900
7.836156e-05 435342 6020 0 102400 819200 6020 0 9677 1716
7.836156e-05 435342 7299 0 102400 819200 7299 0 9997 1681
7.83612e-05 435340 11827 1 102400 819200 11827 1 17277 3275
7.836156e-05 435342 10893 1 102400 819200 10893 1 20790 4851
7.836156e-05 435342 1200 0 102400 819200 1200 0 1513 169
7.836138e-05 435341 7457 0 102400 819200 7457 0 9956 1623
7.83612e-05 435340 6074 0 102400 819200 6074 0 10419 2031
7.83612e-05 435340 7693 0 102400 819200 7693 0 11428 2062
7.836138e-05 435341 14127 1 102400 819200 14127 1 24339 5167
7.836138e-05 435341 17123 1 102400 819200 17123 1 29805 6798
7.83612e-05 435340 19178 1 102400 819200 19178 1 34407 7124
7.836156e-05 435342 22843 1 102400 819200 22843 1 43083 9856
7.836138e-05 435341 9536 0 102400 819200 9536 0 14351 2683
7.836138e-05 435341 9525 0 102400 819200 9525 0 13901 2592
7.836156e-05 435342 6912 0 102400 819200 6912 0 12323 2573
7.836156e-05 435342 2798 0 102400 819200 2798 0 3690 536
7.836156e-05 435342 5714 0 102400 819200 5714 0 10014 1891
7.83612e-05 435340 8966 0 102400 819200 8966 0 19116 4115
7.83612e-05 435340 8513 0 102400 819200 8513 0 12476 2203
7.836138e-05 435341 21107 1 102400 819200 21107 1 46132 10007
7.83612e-05 435340 21455 1 102400 819200 21455 1 41442 9050
7.836156e-05 435342 29427 1 102400 819200 29427 1 56322 13038
7.83612e-05 435340 20146 1 102400 819200 20146 1 43515 9192
7.83612e-05 435340 21506 1 102400 819200 21506 1 40028 8766
7.83612e-05 435340 9525 0 102400 819200 9525 0 13093 2191
7.836156e-05 435342 4738 0 102400 819200 4738 0 6312 909
7.83612e-05 435340 2426 0 102400 819200 2426 0 3034 343
7.836156e-05 435342 3020 0 102400 819200 3020 0 3957 545
7.836138e-05 435341 8936 0 102400 819200 8936 0 14813 2991
7.836156e-05 435342 5354 0 102400 819200 5354 0 7151 1132
7.83612e-05 435340 10621 1 102400 819200 10621 1 16703 3106
7.836138e-05 435341 9323 0 102400 819200 9323 0 14674 2932
7.836156e-05 435342 15015 1 102400 819200 15015 1 22306 4104
7.83612e-05 435340 16190 1 102400 819200 16190 1 24785 4756
7.836138e-05 435341 8677 0 102400 819200 8677 0 12732 2224
7.83612e-05 435340 9226 0 102400 819200 9226 0 12610 2124
7.83612e-05 435340 6442 0 102400 819200 6442 0 9773 1866
7.836138e-05 435341 3971 0 102400 819200 3971 0 5571 901
7.836156e-05 435342 5853 0 102400 819200 5853 0 7929 1241
7.83612e-05 435340 10996 1 102400 819200 10996 1 21010 4800
7.836156e-05 435342 4788 0 102400 819200 4788 0 7153 1272
7.836138e-05 435341 13403 1 102400 819200 13403 1 22933 4889
7.83612e-05 435340 6663 0 102400 819200 6663 0 9140 1530
7.83612e-05 435340 14845 1 102400 819200 14845 1 23485 4756
7.836138e-05 435341 13145 1 102400 819200 13145 1 20973 4368
7.83612e-05 435340 8706 0 102400 819200 8706 0 12607 2321
7.836156e-05 435342 9020 0 102400 819200 9020 0 13283 2456
7.83612e-05 435340 1645 0 102400 819200 1645 0 2034 234
7.836156e-05 435342 11335 1 102400 819200 11335 1 18310 3705
7.836138e-05 435341 6052 0 102400 819200 6052 0 9703 1862
7.836156e-05 435342 3928 0 102400 819200 3928 0 6214 1160
7.83612e-05 435340 8800 0 102400 819200 8800 0 13712 2650
7.83612e-05 435340 18000 1 102400 819200 18000 1 40367 8970
7.836138e-05 435341 7629 0 102400 819200 7629 0 13245 2736
7.83612e-05 435340 14801 1 102400 819200 14801 1 22609 4421
7.836156e-05 435342 11127 1 102400 819200 11127 1 18154 3801
7.83612e-05 435340 14971 1 102400 819200 14971 1 27279 6169
7.836156e-05 435342 8931 0 102400 819200 8931 0 12679 2272
7.83612e-05 435340 10493 1 102400 819200 10493 1 19550 4500
7.83612e-05 435340 6382 0 102400 819200 6382 0 9408 1683
7.83612e-05 435340 4131 0 102400 819200 4131 0 5560 812
7.83612e-05 435340 9623 0 102400 819200 9623 0 19204 4394
7.836156e-05 435342 6187 0 102400 819200 6187 0 9258 1642
7.83612e-05 435340 14875 1 102400 819200 14875 1 27310 6159
7.836156e-05 435342 13408 1 102400 819200 13408 1 23127 5207
7.836156e-05 435342 14782 1 102400 819200 14782 1 25582 5548
7.836138e-05 435341 15559 1 102400 819200 15559 1 28499 6449
7.83612e-05 435340 13278 1 102400 819200 13278 1 22245 4804
7.83612e-05 435340 14604 1 102400 819200 14604 1 24885 5582
7.83612e-05 435340 6189 0 102400 819200 6189 0 10413 2184
7.836156e-05 435342 8783 0 102400 819200 8783 0 14113 2842
7.836156e-05 435342 13088 1 102400 819200 13088 1 27904 5812
7.836156e-05 435342 6776 0 102400 819200 6776 0 12361 2571
7.83612e-05 435340 22133 1 102400 819200 22133 1 45913 9965
7.836156e-05 435342 23950 1 102400 819200 23950 1 53583 11572
7.836156e-05 435342 19893 1 102400 819200 19893 1 38810 8903
7.83612e-05 435340 23108 1 102400 819200 23108 1 41622 9317
7.836138e-05 435341 26693 1 102400 819200 26693 1 61141 13720
7.83612e-05 435340 19802 1 102400 819200 19802 1 42242 9353
7.836156e-05 435342 12693 1 102400 819200 12693 1 17621 3122
7.836138e-05 435341 8387 0 102400 819200 8387 0 12469 2376
7.836156e-05 435342 10336 1 102400 819200 10336 1 15137 2806
7.83612e-05 435340 8764 0 102400 819200 8764 0 11899 1911
7.83612e-05 435340 8608 0 102400 819200 8608 0 15094 3320
7.836156e-05 435342 12006 1 102400 819200 12006 1 18070 3511
7.836156e-05 435342 17234 1 102400 819200 17234 1 27887 5867
7.83612e-05 435340 14678 1 102400 819200 14678 1 25966 5678
7.83612e-05 435340 14044 1 102400 819200 14044 1 19941 3613
7.836138e-05 435341 18361 1 102400 819200 18361 1 30951 6796
7.83612e-05 435340 9287 0 102400 819200 9287 0 13312 2347
7.836156e-05 435342 9688 0 102400 819200 9688 0 16511 3548
7.836138e-05 435341 3358 0 102400 819200 3358 0 4900 888
7.83612e-05 435340 6155 0 102400 819200 6155 0 9668 1901
7.836156e-05 435342 7754 0 102400 819200 7754 0 14037 3066
7.836156e-05 435342 4961 0 102400 819200 4961 0 9042 1871
7.83612e-05 435340 9945 0 102400 819200 9945 0 16987 3593
7.83612e-05 435340 10798 1 102400 819200 10798 1 19967 4576
7.836156e-05 435342 9540 0 102400 819200 9540 0 16550 3600
7.836138e-05 435341 13583 1 102400 819200 13583 1 24286 5315
7.836156e-05 435342 15508 1 102400 819200 15508 1 29828 6979
7.836156e-05 435342 4548 0 102400 819200 4548 0 8023 1733
7.83612e-05 435340 14218 1 102400 819200 14218 1 21994 4624
7.83612e-05 435340 13140 1 102400 819200 13140 1 26409 6143
7.83612e-05 435340 7870 0 102400 819200 7870 0 11931 2409
7.83612e-05 435340 7720 0 102400 819200 7720 0 11358 2032
7.83612e-05 435340 10492 1 102400 819200 10492 1 20753 4444
7.836156e-05 435342 8983 0 102400 819200 8983 0 15475 3140
7.83612e-05 435340 22205 1 102400 819200 22205 1 43929 10135
7.836138e-05 435341 20150 1 102400 819200 20150 1 42641 9917
7.836156e-05 435342 23200 1 102400 819200 23200 1 39444 8225
7.83612e-05 435340 13694 1 102400 819200 13694 1 23860 5203
7.836138e-05 435341 15530 1 102400 819200 15530 1 30252 6863
7.836138e-05 435341 6653 0 102400 819200 6653 0 8552 1287
7.83612e-05 435340 6336 0 102400 819200 6336 0 8607 1395
7.83612e-05 435340 4118 0 102400 819200 4118 0 5666 924
7.83612e-05 435340 7724 0 102400 819200 7724 0 10128 1391
7.836156e-05 435342 6701 0 102400 819200 6701 0 11620 2485
7.83612e-05 435340 7479 0 102400 819200 7479 0 10555 1907
7.836156e-05 435342 7249 0 102400 819200 7249 0 9090 1243
7.83612e-05 435340 5531 0 102400 819200 5531 0 7311 1137
7.83612e-05 435340 8182 0 102400 819200 8182 0 11375 1852
7.836138e-05 435341 9100 0 102400 819200 9100 0 14978 2679
7.83612e-05 435340 8625 0 102400 819200 8625 0 12081 2098
7.83612e-05 435340 19301 1 102400 819200 19301 1 29233 6089
7.836138e-05 435341 17202 1 102400 819200 17202 1 28307 5743
7.836156e-05 435342 10321 1 102400 819200 10321 1 14120 2544
7.83612e-05 435340 30558 1 102400 819200 30558 1 46468 9318
7.836138e-05 435341 17658 1 102400 819200 17658 1 33260 6997
7.836138e-05 435341 22870 1 102400 819200 22870 1 38895 8318
7.836138e-05 435341 23428 1 102400 819200 23428 1 49565 10906
7.836138e-05 435341 16420 1 102400 819200 16420 1 28949 6708
7.83612e-05 435340 21334 1 102400 819200 21334 1 38809 8029
7.836156e-05 435342 23330 1 102400 819200 23330 1 39828 8283
7.83612e-05 435340 19326 1 102400 819200 19326 1 37932 8601
7.836138e-05 435341 11722 1 102400 819200 11722 1 17159 3252
7.836156e-05 435342 10638 1 102400 819200 10638 1 18863 4152
7.836138e-05 435341 2444 0 102400 819200 2444 0 3162 435
7.83612e-05 435340 5204 0 102400 819200 5204 0 7004 1175
7.83612e-05 435340 10935 1 102400 819200 10935 1 20328 4409
7.83612e-05 435340 7906 0 102400 819200 7906 0 11595 2225
7.83612e-05 435340 17013 1 102400 819200 17013 1 33315 7363
7.836138e-05 435341 19246 1 102400 819200 19246 1 35698 8336
7.836156e-05 435342 15088 1 102400 819200 15088 1 24690 4956
7.836156e-05 435342 19683 1 102400 819200 19683 1 32394 6813
7.836138e-05 435341 13583 1 102400 819200 13583 1 22799 4907
7.83612e-05 435340 10564 1 102400 819200 10564 1 15266 2831
7.83612e-05 435340 4911 0 102400 819200 4911 0 7797 1542
7.83612e-05 435340 3448 0 102400 819200 3448 0 4619 689
7.836156e-05 435342 4925 0 102400 819200 4925 0 7880 1374
7.83612e-05 435340 5350 0 102400 819200 5350 0 9457 1941
7.836156e-05 435342 9036 0 102400 819200 9036 0 13466 2448
7.836156e-05 435342 18957 1 102400 819200 18957 1 33752 7448
7.83612e-05 435340 19608 1 102400 819200 19608 1 34186 7539
7.83612e-05 435340 29276 1 102400 819200 29276 1 49704 11015
7.836156e-05 435342 18320 1 102400 819200 18320 1 34854 7426
7.836156e-05 435342 18898 1 102400 819200 18898 1 30613 6391
7.83612e-05 435340 10560 1 102400 819200 10560 1 18415 3987
7.836138e-05 435341 1588 0 102400 819200 1588 0 2075 267
7.836138e-05 435341 8639 0 102400 819200 8639 0 14902 3133
7.836138e-05 435341 6521 0 102400 819200 6521 0 12422 2726
7.836138e-05 435341 4135 0 102400 819200 4135 0 7095 1412
7.836138e-05 435341 10336 1 102400 819200 10336 1 18995 3948
7.83612e-05 435340 12470 1 102400 819200 12470 1 29421 6384
7.83612e-05 435340 6922 0 102400 819200 6922 0 11149 2180
7.83612e-05 435340 11187 1 102400 819200 11187 1 18731 3824
7.836156e-05 435342 12716 1 102400 819200 12716 1 25219 5700
7.83612e-05 435340 10627 1 102400 819200 10627 1 21724 4910
7.836156e-05 435342 7476 0 102400 819200 7476 0 10286 1760
7.836156e-05 435342 4557 0 102400 819200 4557 0 6385 1118
7.836138e-05 435341 2670 0 102400 819200 2670 0 3531 503
7.83612e-05 435340 9385 0 102400 819200 9385 0 12492 1855
7.83612e-05 435340 6290 0 102400 819200 6290 0 10685 2248
7.836138e-05 435341 7577 0 102400 819200 7577 0 11240 2140
7.83612e-05 435340 15818 1 102400 819200 15818 1 31068 7036
7.83612e-05 435340 6492 0 102400 819200 6492 0 9246 1610
7.836156e-05 435342 5417 0 102400 819200 5417 0 8765 1634
7.83612e-05 435340 8375 0 102400 819200 8375 0 14741 2778
7.83612e-05 435340 5288 0 102400 819200 5288 0 7897 1436
7.83612e-05 435340 10240 1 102400 819200 10240 1 14207 2443
7.836156e-05 435342 7730 0 102400 819200 7730 0 11614 2132
7.836138e-05 435341 1577 0 102400 819200 1577 0 1974 238
7.836138e-05 435341 6961 0 102400 819200 6961 0 8573 1016
7.836138e-05 435341 9041 0 102400 819200 9041 0 15689 3243
7.83612e-05 435340 5112 0 102400 819200 5112 0 6902 1127
7.836138e-05 435341 12937 1 102400 819200 12937 1 21762 4440
7.83612e-05 435340 11987 1 102400 819200 11987 1 18802 3817
7.836156e-05 435342 12580 1 102400 819200 12580 1 21104 4296
7.836156e-05 435342 17579 1 102400 819200 17579 1 27477 5808
7.83612e-05 435340 10081 1 102400 819200 10081 1 14718 2715
7.83612e-05 435340 8909 0 102400 819200 8909 0 13165 2464
7.83612e-05 435340 5517 0 102400 819200 5517 0 9251 1929
7.836138e-05 435341 3350 0 102400 819200 3350 0 4431 657
7.836138e-05 435341 9455 0 102400 819200 9455 0 15545 2993
7.836156e-05 435342 8393 0 102400 819200 8393 0 16671 3500
7.83612e-05 435340 11536 1 102400 819200 11536 1 17518 3291
7.836138e-05 435341 24057 1 102400 819200 24057 1 55136 11881
7.83612e-05 435340 25584 1 102400 819200 25584 1 54983 12473
7.83612e-05 435340 30403 1 102400 819200 30403 1 59567 13797
7.836156e-05 435342 20889 1 102400 819200 20889 1 42152 9297
7.83612e-05 435340 22570 1 102400 819200 22570 1 41074 9303
7.83612e-05 435340 11374 1 102400 819200 11374 1 17238 3410
7.83612e-05 435340 11971 1 102400 819200 11971 1 22613 5055
7.836156e-05 435342 4229 0 102400 819200 4229 0 5744 858
7.836156e-05 435342 6289 0 102400 819200 6289 0 8916 1431
7.83612e-05 435340 9528 0 102400 819200 9528 0 17520 3862
7.83612e-05 435340 7249 0 102400 819200 7249 0 10885 1859
7.836156e-05 435342 10360 1 102400 819200 10360 1 17490 3689
7.836156e-05 435342 12621 1 102400 819200 12621 1 21904 4942
7.83612e-05 435340 26689 1 102400 819200 26689 1 46725 10746
7.836156e-05 435342 17748 1 102400 819200 17748 1 33223 7512
7.83612e-05 435340 15385 1 102400 819200 15385 1 29149 6506
