0.0039089736 21716520 38 247 1 102400 819200 8463 38 247 1 11711 2075
0.00392791212 21821734 43 279 1 102400 819200 7004 43 279 1 10834 2200
0.0038797385399999998 21554103 26 184 1 102400 819200 3600 26 184 1 4673 683
0.00392344146 21796897 50 283 1 102400 819200 4382 50 283 1 6604 1193
0.003924333 21801850 47 215 1 102400 819200 5879 47 215 1 9220 1825
0.00389821464 21656748 34 219 1 102400 819200 7394 34 219 1 10976 1994
0.00389714562 21650809 38 260 1 102400 819200 7974 38 260 1 14735 2906
0.0039377952 21876640 52 283 1 102400 819200 9722 52 283 1 14221 2763
0.00390544416 21696912 36 319 1 102400 819200 10348 36 319 1 17451 3476
0.00389635794 21646433 37 185 1 102400 819200 6955 37 185 1 10589 1799
0.00392885946 21826997 52 320 1 102400 819200 9343 52 320 1 14566 2856
0.00391200156 21733342 37 305 1 102400 819200 10105 37 305 1 14919 2850
0.00393728328 21873796 46 233 1 102400 819200 2906 46 233 1 3721 484
0.00391123296 21729072 36 180 1 102400 819200 6300 36 180 1 9971 1999
0.00392466564 21803698 43 302 1 102400 819200 7442 43 302 1 10769 1865
0.00391454964 21747498 40 278 1 102400 819200 10295 40 278 1 18568 4011
0.0038982618 21657010 32 269 1 102400 819200 9633 32 269 1 13938 2578
0.00393969672 21887204 46 367 1 102400 819200 20318 46 367 1 39053 8573
0.00393212808 21845156 49 281 1 102400 819200 13774 49 281 1 24489 5370
0.00389564928 21642496 31 246 1 102400 819200 11922 31 246 1 19694 4181
0.0039314358 21841310 46 298 1 102400 819200 14092 46 298 1 22524 4646
0.00392913378 21828521 49 244 1 102400 819200 11121 49 244 1 19480 4488
0.0039271316399999995 21817398 49 301 1 102400 819200 8882 49 301 1 13310 2381
0.00396277884 22015438 64 271 0 102400 819200 5573 64 271 0 8633 1668
0.00392371002 21798389 46 269 1 102400 819200 7159 46 269 1 11555 2304
0.00392445288 21802516 49 288 1 102400 819200 3999 49 288 1 6018 981
0.0039217761 21787645 40 292 1 102400 819200 5713 40 292 1 9246 1823
0.00390558222 21697679 40 261 1 102400 819200 8311 40 261 1 13598 2738
0.0039008601 21671445 36 266 1 102400 819200 8245 36 266 1 14378 2911
0.00392713038 21817391 50 304 1 102400 819200 7992 50 304 1 11611 2089
0.00391670892 21759494 33 376 1 102400 819200 34080 33 376 1 54724 11283
0.00390192714 21677373 42 357 1 102400 819200 7471 42 357 1 11853 2132
0.00390995694 21721983 43 313 1 102400 819200 8315 43 313 1 11893 2025
0.00391383216 21743512 39 282 1 102400 819200 8290 39 282 1 14654 3080
0.00393755508 21875306 51 266 1 102400 819200 9160 51 266 1 18708 4346
0.00389708838 21650491 33 278 1 102400 819200 8192 33 278 1 13924 2868
0.00388859922 21603329 24 257 1 102400 819200 8414 24 257 1 14600 2701
0.00392377716 21798762 42 260 1 102400 819200 5609 42 260 1 9661 1991
0.0038907585 21615325 29 295 1 102400 819200 13081 29 295 1 27815 5774
0.00390960972 21720054 34 279 1 102400 819200 9047 34 279 1 17807 3909
0.00393697962 21872109 49 307 1 102400 819200 10234 49 307 1 17545 3717
0.00390095262 21671959 34 295 1 102400 819200 13997 34 295 1 22919 4173
0.00389839446 21657747 31 314 1 102400 819200 10370 31 314 1 18681 3850
0.00388353402 21575189 30 260 1 102400 819200 10595 30 260 1 17780 3691
0.00388577196 21587622 29 249 1 102400 819200 7215 29 249 1 9324 1396
0.00392716548 21817586 49 238 1 102400 819200 2555 49 238 1 3182 412
0.00391071816 21726212 41 188 1 102400 819200 4515 41 188 1 6406 1139
0.0039141126 21745070 38 304 1 102400 819200 4463 38 304 1 6509 1052
0.00391084596 21726922 44 202 1 102400 819200 1515 44 202 1 1910 239
0.00395217954 21956553 59 364 0 102400 819200 8264 59 364 0 11426 1912
0.00390214998 21678611 36 280 1 102400 819200 10859 36 280 1 20022 3975
0.00393580638 21865591 48 274 1 102400 819200 6824 48 274 1 10186 1853
0.00389657772 21647654 34 310 1 102400 819200 8265 34 310 1 11591 1900
0.00389427696 21634872 36 228 1 102400 819200 6020 36 228 1 9677 1716
0.00394621362 21923409 53 317 1 102400 819200 7299 53 317 1 9997 1681
0.00392280282 21793349 46 286 1 102400 819200 11827 46 286 1 17277 3275
0.00393848568 21880476 59 319 0 102400 819200 10893 59 319 0 20790 4851
0.00392737428 21818746 34 124 1 102400 819200 1200 34 124 1 1513 169
0.00390020652 21667814 37 326 1 102400 819200 7457 37 326 1 9956 1623
0.00394614882 21923049 60 361 0 102400 819200 6074 60 361 0 10419 2031
0.00393071166 21837287 52 262 1 102400 819200 7693 52 262 1 11428 2062
0.00392980806 21832267 46 353 1 102400 819200 14127 46 353 1 24339 5167
0.00394499646 21916647 52 412 1 102400 819200 17123 52 412 1 29805 6798
0.003913776 21743200 32 432 1 102400 819200 19178 32 432 1 34407 7124
0.00394915482 21939749 53 391 1 102400 819200 22843 53 391 1 43083 9856
0.00392398974 21799943 45 293 1 102400 819200 9536 45 293 1 14351 2683
0.00389101662 21616759 34 289 1 102400 819200 9525 34 289 1 13901 2592
0.0039408642 21893690 58 363 0 102400 819200 6912 58 363 0 12323 2573
0.00389640888 21646716 34 215 1 102400 819200 2798 34 215 1 3690 536
0.00390814866 21711937 41 271 1 102400 819200 5714 41 271 1 10014 1891
0.00393421374 21856743 50 346 1 102400 819200 8966 50 346 1 19116 4115
0.00391994496 21777472 44 276 1 102400 819200 8513 44 276 1 12476 2203
0.00390333456 21685192 36 346 1 102400 819200 21107 36 346 1 46132 10007
0.00391658274 21758793 42 351 1 102400 819200 21455 42 351 1 41442 9050
0.00393649722 21869429 42 426 1 102400 819200 29427 42 426 1 56322 13038
0.0039102858 21723810 33 356 1 102400 819200 20146 33 356 1 43515 9192
0.00393631128 21868396 41 409 1 102400 819200 21506 41 409 1 40028 8766
0.00392116104 21784228 43 348 1 102400 819200 9525 43 348 1 13093 2191
0.00395111502 21950639 62 327 0 102400 819200 4738 62 327 0 6312 909
0.00392492574 21805143 48 277 1 102400 819200 2426 48 277 1 3034 343
0.00392103648 21783536 51 325 1 102400 819200 3020 51 325 1 3957 545
0.0039324303 21846835 48 381 1 102400 819200 8936 48 381 1 14813 2991
0.00394587612 21921534 60 261 0 102400 819200 5354 60 261 0 7151 1132
0.0039525201 21958445 54 337 0 102400 819200 10621 54 337 0 16703 3106
0.00394501626 21916757 55 364 0 102400 819200 9323 55 364 0 14674 2932
0.0039513879 21952155 46 411 1 102400 819200 15015 46 411 1 22306 4104
0.00392713272 21817404 41 424 1 102400 819200 16190 41 424 1 24785 4756
0.00393536772 21863154 50 350 1 102400 819200 8677 50 350 1 12732 2224
0.0039229965 21794425 46 303 1 102400 819200 9226 46 303 1 12610 2124
0.00393082326 21837907 55 287 0 102400 819200 6442 55 287 0 9773 1866
0.00391670964 21759498 42 195 1 102400 819200 3971 42 195 1 5571 901
0.00392204718 21789151 45 264 1 102400 819200 5853 45 264 1 7929 1241
0.00394776018 21932001 59 285 0 102400 819200 10996 59 285 0 21010 4800
0.00393923898 21884661 50 282 1 102400 819200 4788 50 282 1 7153 1272
0.0039417687 21898715 58 301 0 102400 819200 13403 58 301 0 22933 4889
0.00393434388 21857466 50 321 1 102400 819200 6663 50 321 1 9140 1530
0.00391264848 21736936 43 341 1 102400 819200 14845 43 341 1 23485 4756
0.00393069816 21837212 47 319 1 102400 819200 13145 47 319 1 20973 4368
0.00394983882 21943549 61 284 0 102400 819200 8706 61 284 0 12607 2321
0.0039273453 21818585 46 280 1 102400 819200 9020 46 280 1 13283 2456
0.00391232952 21735164 42 234 1 102400 819200 1645 42 234 1 2034 234
0.00389675736 21648652 30 244 1 102400 819200 11335 30 244 1 18310 3705
0.00393216354 21845353 45 272 1 102400 819200 6052 45 272 1 9703 1862
0.00394715178 21928621 53 193 1 102400 819200 3928 53 193 1 6214 1160
0.0039042702 21690390 35 243 1 102400 819200 8800 35 243 1 13712 2650
0.00392493078 21805171 44 278 1 102400 819200 18000 44 278 1 40367 8970
0.00393150744 21841708 51 232 1 102400 819200 7629 51 232 1 13245 2736
0.00391124196 21729122 37 338 1 102400 819200 14801 37 338 1 22609 4421
0.00392611428 21811746 47 253 1 102400 819200 11127 47 253 1 18154 3801
0.00393592608 21866256 48 299 1 102400 819200 14971 48 299 1 27279 6169
0.0039360627 21867015 51 272 1 102400 819200 8931 51 272 1 12679 2272
0.00392870052 21826114 51 286 1 102400 819200 10493 51 286 1 19550 4500
0.0039139716599999996 21744287 41 194 1 102400 819200 6382 41 194 1 9408 1683
0.00390976974 21720943 41 235 1 102400 819200 4131 41 235 1 5560 812
0.00393915978 21884221 55 273 0 102400 819200 9623 55 273 0 19204 4394
0.00390844512 21713584 38 229 1 102400 819200 6187 38 229 1 9258 1642
0.0039440709 21911505 58 269 0 102400 819200 14875 58 269 0 27310 6159
0.00394313256 21906292 55 326 0 102400 819200 13408 55 326 0 23127 5207
0.00394343982 21907999 54 310 0 102400 819200 14782 54 310 0 25582 5548
0.00393847308 21880406 48 322 1 102400 819200 15559 48 322 1 28499 6449
0.00393711894 21872883 50 316 1 102400 819200 13278 50 316 1 22245 4804
0.00388416042 21578669 28 254 1 102400 819200 14604 28 254 1 24885 5582
0.0039055761 21697645 37 319 1 102400 819200 6189 37 319 1 10413 2184
0.0038848797 21582665 27 243 1 102400 819200 8783 27 243 1 14113 2842
0.00392289912 21793884 32 346 1 102400 819200 13088 32 346 1 27904 5812
0.00389414754 21634153 27 291 1 102400 819200 6776 27 291 1 12361 2571
0.0038941002 21633890 26 293 1 102400 819200 22133 26 293 1 45913 9965
0.00389128842 21618269 30 319 1 102400 819200 23950 30 319 1 53583 11572
0.0039098565 21721425 37 284 1 102400 819200 19893 37 284 1 38810 8903
0.0039179925 21766625 43 321 1 102400 819200 23108 43 321 1 41622 9317
0.0039284496 21824720 43 270 1 102400 819200 26693 43 270 1 61141 13720
0.00390874464 21715248 38 273 1 102400 819200 19802 38 273 1 42242 9353
0.0039263391 21812995 41 295 1 102400 819200 12693 41 295 1 17621 3122
0.0039382929 21879405 54 261 0 102400 819200 8387 54 261 0 12469 2376
0.00392970438 21831691 48 265 1 102400 819200 10336 48 265 1 15137 2806
0.00392598126 21811007 44 285 1 102400 819200 8764 44 285 1 11899 1911
0.00392566266 21809237 48 261 1 102400 819200 8608 48 261 1 15094 3320
0.00391372794 21742933 39 298 1 102400 819200 12006 39 298 1 18070 3511
0.0039370194 21872330 53 368 1 102400 819200 17234 53 368 1 27887 5867
0.0039265263 21814035 49 332 1 102400 819200 14678 49 332 1 25966 5678
0.00393261732 21847874 48 320 1 102400 819200 14044 48 320 1 19941 3613
0.0039196332 21775740 38 302 1 102400 819200 18361 38 302 1 30951 6796
0.0039157731 21754295 42 308 1 102400 819200 9287 42 308 1 13312 2347
0.00392797386 21822077 47 218 1 102400 819200 9688 47 218 1 16511 3548
0.00393642972 21869054 54 226 0 102400 819200 3358 54 226 0 4900 888
0.0039001572 21667540 37 219 1 102400 819200 6155 37 219 1 9668 1901
0.00394403346 21911297 51 286 1 102400 819200 7754 51 286 1 14037 3066
0.00391358034 21742113 41 255 1 102400 819200 4961 41 255 1 9042 1871
0.00390627864 21701548 44 248 1 102400 819200 9945 44 248 1 16987 3593
0.003937536 21875200 55 234 0 102400 819200 10798 55 234 0 19967 4576
0.00393107508 21839306 47 253 1 102400 819200 9540 47 253 1 16550 3600
0.00392350842 21797269 46 250 1 102400 819200 13583 46 250 1 24286 5315
0.0039440493 21911385 50 252 1 102400 819200 15508 50 252 1 29828 6979
0.00392933448 21829636 38 152 1 102400 819200 4548 38 152 1 8023 1733
0.00389138706 21618817 30 268 1 102400 819200 14218 30 268 1 21994 4624
0.00392226534 21790363 38 262 1 102400 819200 13140 38 262 1 26409 6143
0.00391819788 21767766 37 176 1 102400 819200 7870 37 176 1 11931 2409
0.00392197176 21788732 42 250 1 102400 819200 7720 42 250 1 11358 2032
0.00390436758 21690931 33 297 1 102400 819200 10492 33 297 1 20753 4444
0.00389918322 21662129 36 230 1 102400 819200 8983 36 230 1 15475 3140
0.0039220443 21789135 42 383 1 102400 819200 22205 42 383 1 43929 10135
0.00392565708 21809206 41 327 1 102400 819200 20150 41 327 1 42641 9917
0.0039020720399999998 21678178 29 405 1 102400 819200 23200 29 405 1 39444 8225
0.00388672146 21592897 30 313 1 102400 819200 13694 30 313 1 23860 5203
0.00388667178 21592621 32 267 1 102400 819200 15530 32 267 1 30252 6863
0.00392585634 21810313 45 251 1 102400 819200 6653 45 251 1 8552 1287
0.00390297924 21683218 43 352 1 102400 819200 6336 43 352 1 8607 1395
0.00392276412 21793134 41 197 1 102400 819200 4118 41 197 1 5666 924
0.00390076992 21670944 34 371 1 102400 819200 7724 34 371 1 10128 1391
0.00391375386 21743077 38 248 1 102400 819200 6701 38 248 1 11620 2485
0.0039002616 21668120 40 243 1 102400 819200 7479 40 243 1 10555 1907
0.00393805008 21878056 53 284 1 102400 819200 7249 53 284 1 9090 1243
0.00393787242 21877069 49 294 1 102400 819200 5531 49 294 1 7311 1137
0.00388824894 21601383 32 323 1 102400 819200 8182 32 323 1 11375 1852
0.00392830722 21823929 44 307 1 102400 819200 9100 44 307 1 14978 2679
0.00395024274 21945793 53 389 1 102400 819200 8625 53 389 1 12081 2098
0.00391137282 21729849 36 270 1 102400 819200 19301 36 270 1 29233 6089
0.00391334652 21740814 35 381 1 102400 819200 17202 35 381 1 28307 5743
0.00388015128 21556396 22 187 1 102400 819200 10321 22 187 1 14120 2544
0.00391622436 21756802 36 358 1 102400 819200 30558 36 358 1 46468 9318
0.0039032019 21684455 32 365 1 102400 819200 17658 32 365 1 33260 6997
0.00390633822 21701879 29 252 1 102400 819200 22870 29 252 1 38895 8318
0.00386962974 21497943 20 321 1 102400 819200 23428 20 321 1 49565 10906
0.00387087606 21504867 16 317 1 102400 819200 16420 16 317 1 28949 6708
0.00389701998 21650111 32 330 1 102400 819200 21334 32 330 1 38809 8029
0.00390948858 21719381 27 306 1 102400 819200 23330 27 306 1 39828 8283
0.0038946861 21637145 25 299 1 102400 819200 19326 25 299 1 37932 8601
0.00392485284 21804738 47 296 1 102400 819200 11722 47 296 1 17159 3252
0.00393069258 21837181 54 378 0 102400 819200 10638 54 378 0 18863 4152
0.00394906986 21939277 47 163 1 102400 819200 2444 47 163 1 3162 435
0.0039197241 21776245 46 213 1 102400 819200 5204 46 213 1 7004 1175
0.00396074088 22004116 56 388 0 102400 819200 10935 56 388 0 20328 4409
0.00393142122 21841229 54 256 0 102400 819200 7906 54 256 0 11595 2225
0.00395307468 21961526 56 373 0 102400 819200 17013 56 373 0 33315 7363
0.00394657578 21925421 51 386 1 102400 819200 19246 51 386 1 35698 8336
0.00389779632 21654424 36 388 1 102400 819200 15088 36 388 1 24690 4956
0.0039391083 21883935 48 441 1 102400 819200 19683 48 441 1 32394 6813
0.00392541264 21807848 47 313 1 102400 819200 13583 47 313 1 22799 4907
0.00390136842 21674269 36 290 1 102400 819200 10564 36 290 1 15266 2831
0.00394193304 21899628 56 379 0 102400 819200 4911 56 379 0 7797 1542
0.00390251466 21680637 41 248 1 102400 819200 3448 41 248 1 4619 689
0.0039361914 21867730 50 325 1 102400 819200 4925 50 325 1 7880 1374
0.0039239055 21799475 47 315 1 102400 819200 5350 47 315 1 9457 1941
0.0039330693 21850385 51 299 1 102400 819200 9036 51 299 1 13466 2448
0.00392130234 21785013 45 340 1 102400 819200 18957 45 340 1 33752 7448
0.00393455628 21858646 48 352 1 102400 819200 19608 48 352 1 34186 7539
0.00392052726 21780707 33 415 1 102400 819200 29276 33 415 1 49704 11015
0.00390329712 21684984 35 331 1 102400 819200 18320 35 331 1 34854 7426
0.00394559856 21919992 50 391 1 102400 819200 18898 50 391 1 30613 6391
0.00391517262 21750959 45 254 1 102400 819200 10560 45 254 1 18415 3987
0.00393576642 21865369 52 231 1 102400 819200 1588 52 231 1 2075 267
0.0039015693 21675385 34 196 1 102400 819200 8639 34 196 1 14902 3133
0.00391116204 21728678 43 205 1 102400 819200 6521 43 205 1 12422 2726
0.00393433488 21857416 49 211 1 102400 819200 4135 49 211 1 7095 1412
0.00389934666 21663037 36 232 1 102400 819200 10336 36 232 1 18995 3948
0.00393406578 21855921 48 273 1 102400 819200 12470 48 273 1 29421 6384
0.00392519484 21806638 50 270 1 102400 819200 6922 50 270 1 11149 2180
0.00390465918 21692551 40 296 1 102400 819200 11187 40 296 1 18731 3824
0.00393717222 21873179 51 276 1 102400 819200 12716 51 276 1 25219 5700
0.00393018732 21834374 42 211 1 102400 819200 10627 42 211 1 21724 4910
0.00391588002 21754889 44 284 1 102400 819200 7476 44 284 1 10286 1760
0.0039231864 21795480 50 289 1 102400 819200 4557 50 289 1 6385 1118
0.00387952452 21552914 26 176 1 102400 819200 2670 26 176 1 3531 503
0.00389544642 21641369 34 351 1 102400 819200 9385 34 351 1 12492 1855
0.00391355388 21741966 35 206 1 102400 819200 6290 35 206 1 10685 2248
0.00389216844 21623158 31 215 1 102400 819200 7577 31 215 1 11240 2140
0.00392312394 21795133 38 303 1 102400 819200 15818 38 303 1 31068 7036
0.00395169174 21953843 58 286 0 102400 819200 6492 58 286 0 9246 1610
0.00392402916 21800162 53 301 1 102400 819200 5417 53 301 1 8765 1634
0.00392694354 21816353 45 267 1 102400 819200 8375 45 267 1 14741 2778
0.00390775896 21709772 41 245 1 102400 819200 5288 41 245 1 7897 1436
0.00392497416 21805412 46 340 1 102400 819200 10240 46 340 1 14207 2443
0.00396411084 22022838 62 333 0 102400 819200 7730 62 333 0 11614 2132
0.00393463728 21859096 42 151 1 102400 819200 1577 42 151 1 1974 238
0.00389925738 21662541 36 386 1 102400 819200 6961 36 386 1 8573 1016
0.00393927192 21884844 52 354 1 102400 819200 9041 52 354 1 15689 3243
0.00393563106 21864617 53 228 1 102400 819200 5112 53 228 1 6902 1127
0.0039351456 21861920 51 358 1 102400 819200 12937 51 358 1 21762 4440
0.00395470044 21970558 57 384 0 102400 819200 11987 57 384 0 18802 3817
0.0039103308 21724060 38 387 1 102400 819200 12580 38 387 1 21104 4296
0.00396754758 22041931 53 439 1 102400 819200 17579 53 439 1 27477 5808
0.00392189346 21788297 45 333 1 102400 819200 10081 45 333 1 14718 2715
0.00391129794 21729433 44 273 1 102400 819200 8909 44 273 1 13165 2464
0.0039425598 21903110 56 301 0 102400 819200 5517 56 301 0 9251 1929
0.00389860398 21658911 37 204 1 102400 819200 3350 37 204 1 4431 657
0.00391738284 21763238 42 357 1 102400 819200 9455 42 357 1 15545 2993
0.0039305205 21836225 46 378 1 102400 819200 8393 46 378 1 16671 3500
0.00391447566 21747087 40 300 1 102400 819200 11536 40 300 1 17518 3291
0.0039281544 21823080 41 354 1 102400 819200 24057 41 354 1 55136 11881
0.00395103402 21950189 48 383 1 102400 819200 25584 48 383 1 54983 12473
0.00393717276 21873182 45 423 1 102400 819200 30403 45 423 1 59567 13797
0.00392616288 21812016 39 373 1 102400 819200 20889 39 373 1 42152 9297
0.00393404022 21855779 38 378 1 102400 819200 22570 38 378 1 41074 9303
0.0039208644 21782580 46 273 1 102400 819200 11374 46 273 1 17238 3410
0.00394384986 21910277 57 328 0 102400 819200 11971 57 328 0 22613 5055
0.00392583762 21810209 42 174 1 102400 819200 4229 42 174 1 5744 858
0.0039325878 21847710 50 258 1 102400 819200 6289 50 258 1 8916 1431
0.00395323578 21962421 57 233 0 102400 819200 9528 57 233 0 17520 3862
0.00391827402 21768189 46 247 1 102400 819200 7249 46 247 1 10885 1859
0.00393056514 21836473 48 287 1 102400 819200 10360 48 287 1 17490 3689
0.00393419286 21856627 54 323 0 102400 819200 12621 54 323 0 21904 4942
0.00393866784 21881488 49 352 1 102400 819200 26689 49 352 1 46725 10746
0.00395033724 21946318 48 337 1 102400 819200 17748 48 337 1 33223 7512
0.0039358089 21865605 47 308 1 102400 819200 15385 47 308 1 29149 6506
