0.00014340636 796702 43
0.00012736512 707584 33
0.00010112562 561809 37
0.0001723518 957510 43
0.00027254232 1514124 52
0.00017839044 991058 42
0.00011833937999999999 657441 39
0.0001942911 1079395 49
0.0001053342 585190 31
0.00015851088 880616 36
9.276462e-05 515359 33
0.00019627343999999999 1090408 47
0.0002024838 1124910 30
0.00032031539999999997 1779530 41
0.00022863672 1270204 47
0.00024637842 1368769 43
0.00022497534 1249863 53
9.493092e-05 527394 33
0.00021729168 1207176 51
0.00022195926 1233107 39
0.00016901694 938983 43
0.00018651924 1036218 41
0.00015379704 854428 44
0.00027794016 1544112 48
0.0001140732 633740 34
9.62883e-05 534935 34
0.0001685574 936430 43
0.0002022138 1123410 46
0.00016658388 925466 39
0.00011786418 654801 36
0.00042357654 2353203 37
0.00015474978 859721 44
0.00024462792 1359044 45
0.00010820394 601133 38
0.00040065894 2225883 30
0.00050668488 2814916 30
0.0002172771 1207095 45
0.00022070592 1226144 49
0.00010315224 573068 35
0.00018569934 1031663 44
0.00016732818 929601 38
0.00036237924 2013218 33
0.00037241352 2068964 37
0.00012066408 670356 40
0.0001093068 607260 32
0.00030204305999999997 1678017 43
0.00013663224 759068 35
0.00017691858 982881 36
0.0001710648 950360 42
0.000279954 1555300 40
0.00013222944 734608 33
0.00031394412 1744134 48
8.62308e-05 479060 31
0.000409257 2273650 40
0.00013503546 750197 35
0.00029109906 1617217 35
0.00020076066 1115337 47
0.00023478876 1304382 53
0.00010103274 561293 33
0.00016714962 928609 45
0.00018770832 1042824 46
0.00015745553999999999 874753 30
0.00021421224 1190068 53
0.0001529937 849965 37
0.00012409866 689437 40
0.00015792588 877366 37
0.00019057194 1058733 39
0.0001595097 886165 44
0.00010056042 558669 29
0.0001430937 794965 37
0.0001976031 1097795 46
0.00134155854 7453103 43
0.00021542634 1196813 46
0.00019558116 1086562 49
0.00013516038 750891 41
0.00013117284 728738 31
0.00013513914 750773 41
0.00029670822 1648379 47
0.00031431006 1746167 46
0.0001336806 742670 40
0.00036387918 2021551 38
0.00018545706 1030317 45
0.00022693302 1260739 41
0.00021843108 1213506 49
0.00021198042 1177669 34
0.0001897524 1054180 38
0.0002111985 1173325 47
0.0001954413 1085785 47
0.00016967609999999999 942645 47
0.00015179976 843332 38
0.00010119474 562193 39
0.00019438542 1079919 46
0.00010659617999999999 592201 33
0.00013088232 727124 34
0.0001873962 1041090 40
0.00022478886 1248827 42
0.0001900827 1056015 43
0.00020483478 1137971 38
0.00035682642 1982369 43
0.00021770783999999999 1209488 48
0.00012112956 672942 36
0.00011103768 616876 34
0.00017462682 970149 37
0.0001915344 1064080 40
0.00023582862 1310159 49
8.995878e-05 499771 32
0.0002504727 1391515 42
9.311382e-05 517299 31
0.00018617274 1034293 39
0.0002070018 1150010 50
0.00026396118 1466451 38
0.00013322088 740116 38
0.00025554708 1419706 49
0.00023378616 1298812 42
0.00025826525999999997 1434807 50
0.0001232631 684795 36
0.00018421524 1023418 38
0.00020672946 1148497 49
0.00016096878 894271 43
0.00022009536 1222752 44
0.00018138672 1007704 49
0.00032419656 1801092 32
0.00022504266 1250237 49
0.00022400082 1244449 48
0.00026468514 1470473 48
0.00013646574 758143 34
7.018073999999999e-05 389893 30
0.00019048068 1058226 28
0.00019630098 1090561 48
0.00018186354 1010353 44
0.00026810226 1489457 47
0.0001639944 911080 42
0.00018997848 1055436 48
0.0001957032 1087240 42
0.00020480796 1137822 37
0.0001586619 881455 35
0.00027765162 1542509 56
0.00016422804 912378 44
0.0001892556 1051420 45
9.977886e-05 554327 36
0.00023220954 1290053 39
8.126226e-05 451457 34
0.00017770391999999999 987244 28
9.481554e-05 526753 27
0.00013333788 740766 39
0.00016324938 906941 48
0.00018767718 1042651 48
0.00024331194 1351733 45
0.00025735625999999997 1429757 51
9.670212e-05 537234 38
0.00022096097999999999 1227561 46
0.0001932336 1073520 40
0.00013336542 740919 31
0.0002391102 1328390 41
0.00011202354 622353 33
0.00021183534 1176863 47
0.00020771622 1153979 45
0.00019040886 1057827 46
0.00013217004 734278 42
0.00019293156 1071842 49
0.00017323326 962407 37
0.00012749508 708306 31
0.00021327678 1184871 51
0.000135207 751150 36
0.00024315498 1350861 48
0.000197676 1098200 40
0.00018111798 1006211 47
0.00010392372 577354 29
0.00042955812 2386434 38
0.0001579716 877620 38
7.820802e-05 434489 29
0.00013861134 770063 38
0.00026362278 1464571 40
0.0001323 735000 33
0.0001747827 971015 43
0.00015216588 845366 41
0.00015160626 842257 48
0.0002761344 1534080 36
0.00020262348 1125686 41
0.00011743326 652407 34
0.00019571004 1087278 44
0.00010235178 568621 38
0.00012886488 715916 38
0.00015305922 850329 42
0.00018848322 1047129 36
0.00018157824 1008768 43
0.00017373888 965216 26
0.00013633668 757426 39
0.0001080153 600085 37
0.00014750388 819466 39
9.993654e-05 555203 32
0.0002010429 1116905 34
9.379655999999999e-05 521092 32
0.0002087388 1159660 50
0.00089685504 4982528 63
0.00015925158 884731 44
0.00023606748 1311486 50
0.00020372634 1131813 33
0.00022801266 1266737 52
0.00024317568 1350976 39
0.00013607118 755951 38
0.00020350566 1130587 44
0.00035492274 1971793 39
0.00016247412 902634 39
0.00020276766 1126487 40
0.00022606254 1255903 49
0.00022489776 1249432 44
9.42903e-05 523835 32
0.0001476954 820530 45
0.00087930432 4885024 71
0.0001829511 1016395 46
0.00023230224 1290568 42
0.00035198028 1955446 30
0.0001444149 802305 33
0.00012000924 666718 32
0.00017838774 991043 44
0.00012519126 695507 32
0.00025958573999999997 1442143 38
0.0001327545 737525 42
0.00016280964 904498 45
0.00013838256 768792 38
0.00024150744 1341708 53
0.00014293962 794109 40
0.00011534814 640823 38
0.00020420856 1134492 32
0.00018720342 1040019 44
0.00010368198 576011 36
0.00024178374 1343243 47
0.00022494258 1249681 52
0.00039199626 2177757 37
0.00017918676 995482 42
0.00013748976 763832 33
0.00035319546 1962197 35
0.00027782568 1543476 38
0.00023572836 1309602 46
0.0002441988 1356660 48
0.00018428472 1023804 48
0.000190152 1056400 50
0.00018111564 1006198 37
0.00030340332 1685574 35
0.00014789358 821631 39
0.00025811658 1433981 50
0.0001178676 654820 33
0.00041880996 2326722 38
0.00011569986 642777 38
0.00014557626 808757 43
0.00017476542 970919 34
0.00018281898 1015661 47
0.00017925732 995874 38
0.000123021 683450 37
0.00010301418 572301 34
0.00015096906 838717 40
0.0002250036 1250020 43
0.00025396362 1410909 49
0.00018041292 1002294 33
0.00014812524 822918 40
0.00011876597999999999 659811 33
0.0001022283 567935 29
0.00023080086 1282227 38
0.00030644388 1702466 35
0.0001420425 789125 30
0.00018282978 1015721 48
8.466948e-05 470386 34
0.00011574504 643028 32
0.00023763672 1320204 51
0.00019849212 1102734 48
0.00022324248 1240236 50
0.00019083996 1060222 44
0.0002161395 1200775 34
0.00021119885999999999 1173327 52
0.00019553418 1086301 46
0.00021971124 1220618 48
0.00017565516 975862 49
0.00027382014 1521223 41
0.0001689669 938705 40
0.00014704974 816943 42
8.204706e-05 455817 33
0.00017457318 969851 49
0.00023435316 1301962 52
0.00038001402 2111189 41
0.00017940258 996681 48
0.00024758532 1375474 38
7.319772e-05 406654 30
0.00029662632 1647924 38
0.00020910366 1161687 49
0.00018037656 1002092 41
0.0002691513 1495285 30
0.00022529934 1251663 46
0.00010831968 601776 31
0.00026618724 1478818 28
0.00015938946 885497 39
0.00014974812 831934 33
9.720972e-05 540054 37
0.000222399 1235550 44
0.00019059336 1058852 47
0.00012766302 709239 31
0.00015514164 861898 37
7.819596e-05 434422 33
0.00017343468 963526 42
0.00011123982 617999 35
0.00017825796 990322 32
0.00012328884 684938 32
0.0001681011 933895 40
0.00029833218 1657401 37
0.00016971282 942849 33
9.086796e-05 504822 30
0.0001436508 798060 32
0.0001910511 1061395 39
0.00023041386 1280077 41
0.00012495546 694197 43
0.00025862076 1436782 37
0.00013844556 769142 42
0.00025629372 1423854 40
0.0001635354 908530 42
0.00013655898 758661 40
0.00018161928 1008996 46
0.00013794408 766356 40
0.0002153286 1196270 43
0.00031998348 1777686 33
0.00019523052 1084614 41
0.00021974616 1220812 41
0.00011095272 616404 37
0.00016446762 913709 36
0.00018277614 1015423 46
0.00018277416 1015412 40
0.00031382334 1743463 41
0.00018077058 1004281 40
0.0001868121 1037845 38
0.00011353104 630728 34
0.00014058198 781011 42
0.00017479566 971087 35
0.0002379843 1322135 40
0.00028338102 1574339 33
0.00021854304 1214128 43
0.00023709942 1317219 48
0.00021393252 1188514 48
0.00022916412 1273134 38
0.00021511962 1195109 48
0.00023253264 1291848 41
0.00017261262 958959 42
0.00024951564 1386198 55
8.864982e-05 492499 31
0.00025248294 1402683 52
0.00020089817999999999 1116101 42
0.00014026176 779232 33
0.00014574726 809707 43
0.00031832118 1768451 40
0.00037647396 2091522 40
0.00025299162 1405509 46
0.00108145098 6008061 42
0.00020180628 1121146 44
0.00016483158 915731 49
0.00033652565999999997 1869587 40
0.00022318776 1239932 49
0.0001125 625000 32
0.00020896631999999999 1160924 49
0.0001763244 979580 39
0.00012537126 696507 39
0.0001848375 1026875 38
0.000224964 1249800 48
0.0001684908 936060 47
0.00016731342 929519 45
0.00016990956 943942 48
0.00019594458 1088581 44
0.00030458682 1692149 36
0.0001504656 835920 35
8.639892e-05 479994 33
0.00034628652 1923814 38
0.00018292878 1016271 42
0.00017809902 989439 49
0.00031384224 1743568 24
0.00011468934 637163 36
0.00024687126 1371507 44
9.521406e-05 528967 30
0.00031253598 1736311 38
0.00037859184 2103288 41
0.00020818242 1156569 47
0.000229572 1275400 45
0.00015605496 866972 35
0.00020429208 1134956 49
0.00018492822 1027379 40
0.0001053198 585110 31
0.0002739258 1521810 49
0.00019616346 1089797 39
0.00022014828 1223046 49
0.00020918987999999999 1162166 38
0.00026205102 1455839 48
0.00024717942 1373219 46
0.00012779874 709993 41
0.0001268829 704905 34
0.00015007284 833738 44
0.00011703042 650169 33
0.00024291828 1349546 49
0.000435366 2418700 32
0.00015485634 860313 32
0.00021826098 1212561 41
0.00021236994 1179833 48
0.00026159201999999997 1453289 23
0.00020401974 1133443 42
0.00021325518 1184751 50
0.00012676338 704241 31
0.00022180878 1232271 49
0.00029998656 1666592 43
0.0003748572 2082540 38
0.00015399161999999999 855509 43
0.0002598579 1443655 43
0.00019405584 1078088 36
0.00021303216 1183512 43
0.0001656549 920305 47
0.00022140612 1230034 37
0.00012402216 689012 39
0.0002193579 1218655 45
0.00022937436 1274302 53
0.00024004242 1333569 46
0.0002019942 1122190 49
0.00020394792 1133044 44
0.00021303576 1183532 39
0.00014299596 794422 42
0.00022757778 1264321 38
0.0002068425 1149125 40
0.00014068944 781608 42
0.0001922175 1067875 42
0.00014005134 778063 38
0.00014021622 778979 39
0.00018779616 1043312 46
0.00011549682 641649 36
0.00014203404 789078 43
0.00019409472 1078304 46
0.00014749884 819438 39
0.00028939464 1607748 33
0.000119943 666350 39
0.00018272826 1015157 44
0.0002298555 1276975 37
0.00019548216 1086012 33
0.0002287557 1270865 47
0.00011769642 653869 34
0.00021003192 1166844 46
0.0002050011 1138895 45
0.0001915623 1064235 39
0.00017659692 981094 42
8.177274e-05 454293 28
0.0002630736 1461520 43
0.00017902062 994559 37
0.00017020404 945578 47
0.00021989124 1221618 42
0.00010481849999999999 582325 34
0.00011178162 621009 34
0.00013416264 745348 43
0.00023888772 1327154 36
0.0001170747 650415 28
0.0002118465 1176925 51
0.00018876258 1048681 38
0.00156567978 8698221 39
0.00014722992 817944 40
0.0001652706 918170 41
0.00017698158 983231 41
0.00018676242 1037569 42
0.0001176237 653465 42
0.00015079356 837742 38
0.00016820946 934497 41
0.0002456226 1364570 43
0.00016940682 941149 46
0.00017685072 982504 42
0.00016184556 899142 42
9.989316e-05 554962 33
0.00014085 782500 32
0.00014163516 786862 38
0.00023057514 1280973 48
0.00014729814 818323 36
0.0001893789 1052105 48
0.00021923712 1217984 45
0.0001967598 1093110 32
0.00021553542 1197419 47
0.00022416462 1245359 46
8.304966e-05 461387 32
0.00011756232 653124 32
0.0001460304 811280 37
0.00017642808 980156 36
0.00012083256 671292 34
0.00020431152 1135064 35
0.0001941669 1078705 44
0.00027000036 1500002 40
0.00022204458 1233581 46
0.00021524148 1195786 43
0.00024224868 1345826 37
0.0001821573 1011985 46
0.00019017774 1056543 49
0.00012379158 687731 41
0.00016915284 939738 41
0.0002403882 1335490 42
0.00013984236 776902 46
0.0002338722 1299290 51
0.00026751114 1486173 49
0.0001766457 981365 40
0.00018350766 1019487 39
0.00014606874 811493 39
0.00013859694 769983 41
0.0001956231 1086795 45
0.0003356883 1864935 32
0.00023059637999999999 1281091 43
0.00023611446 1311747 41
0.0001669023 927235 36
0.0002172366 1206870 46
0.00014082246 782347 38
0.0001595655 886475 35
0.00027258623999999997 1514368 46
0.00022640076 1257782 33
0.00020703798 1150211 44
0.000209088 1161600 47
0.00014425146 801397 33
0.00017650728 980596 39
0.00016726698 929261 38
0.00022812948 1267386 45
0.00017810028 989446 49
0.00016675074 926393 40
0.00010342998 574611 32
0.00016090596 893922 43
0.00014055786 780877 38
0.00025056198 1392011 46
0.00021339126 1185507 47
6.953778e-05 386321 30
0.00012534318 696351 39
0.00023076 1282000 45
0.00021012408 1167356 50
0.00016339248 907736 46
0.0001786311 992395 44
0.00018779202 1043289 48
0.00022690908 1260606 42
0.00019919088 1106616 42
0.00014207256 789292 44
0.00016698816 927712 46
0.00014191524 788418 39
0.00028736532 1596474 42
0.00020512836 1139602 44
0.00019875222 1104179 48
0.00017169354 953853 45
0.00020135862 1118659 43
0.00020449512 1136084 45
0.00012114684 673038 36
0.00017454564 969698 44
0.00030180816 1676712 33
0.00022316922 1239829 42
0.0001127889 626605 36
0.00019977876 1109882 35
0.00023822262 1323459 44
0.00024040584 1335588 49
0.00012554622 697479 41
0.0004018347 2232415 41
0.00022648392 1258244 45
7.558596e-05 419922 29
0.0001917729 1065405 33
0.0002252583 1251435 40
0.0002047599 1137555 47
0.00019114884 1061938 47
0.00039186936 2177052 36
0.00019915866 1106437 48
0.00023215896 1289772 49
0.00020409426 1133857 50
0.00016197048 899836 32
0.00017902709999999999 994595 48
8.43525e-05 468625 30
0.0001848042 1026690 37
0.0001647225 915125 43
0.00025017192 1389844 43
0.00033662934 1870163 33
0.00023263308 1292406 51
0.00014070906 781717 42
0.00034871526 1937307 47
0.00015383718 854651 40
0.00017911998 995111 46
0.0001459728 810960 39
0.00016245738 902541 40
0.00021675168 1204176 45
0.00014151762 786209 43
0.00019628784 1090488 47
0.00018654642 1036369 46
0.0001092438 606910 31
0.00022815108 1267506 51
0.00030282066 1682337 36
0.00036383328 2021296 38
0.00013682412 760134 42
0.00021445182 1191399 50
0.00011601504 644528 31
0.0001407654 782030 38
0.00012494268 694126 33
0.00020334312 1129684 44
0.00025369397999999997 1409411 45
0.00014697738 816541 43
0.00022286484 1238138 46
0.00025257024 1403168 46
0.00017990712 999484 42
0.00018445157999999999 1024731 34
0.0001542825 857125 40
0.00013103118 727951 37
0.00027997956 1555442 44
0.00048782088 2710116 32
0.00071783388 3987966 54
0.00017089902 949439 47
8.260488e-05 458916 29
0.00017161056 953392 41
0.00036332046 2018447 45
0.00023860854 1325603 51
0.00016827156 934842 46
0.0002402847 1334915 39
0.00018934272 1051904 46
0.00019148742 1063819 45
0.00028025208 1556956 48
0.00017734554 985253 42
0.00022922082 1273449 47
0.00023376924 1298718 36
0.00016507026 917057 45
0.00051602886 2866827 27
0.00016398666 911037 44
0.00042614154 2367453 24
0.00016131096 896172 43
0.0001583271 879595 42
0.00019427436 1079302 43
0.00021130722 1173929 54
0.00041588928 2310496 40
0.00014859612 825534 31
0.00021120948 1173386 51
0.00028694178 1594121 41
0.0002486322 1381290 51
0.00016429122 912729 42
0.00022569516 1253862 48
0.000147087 817150 48
0.00012323052 684614 34
0.00017233182 957399 44
0.00024455898 1358661 36
0.00011364138 631341 38
0.00019602756 1089042 49
0.00010293714 571873 32
0.00025569666 1420537 52
0.0001669149 927305 37
0.00015465492 859194 33
0.00011846448 658136 36
0.00037775393999999997 2098633 41
0.00016244766 902487 41
0.00012567942 698219 39
0.00021203226 1177957 45
0.00013272336 737352 32
0.00021337992 1185444 49
0.00013665492 759194 41
7.190604e-05 399478 27
0.00038186298 2121461 38
0.00018381168 1021176 41
0.00019660248 1092236 39
0.00051405138 2855841 35
0.00019818432 1101024 36
0.00018038736 1002152 46
0.0001963089 1090605 47
0.00036130554 2007253 34
0.00017068842 948269 42
0.0001519695 844275 40
0.00016659198 925511 42
0.0001734921 963845 42
0.00012645846 702547 34
7.597692e-05 422094 32
0.00015262632 847924 41
0.00017422362 967909 43
0.00019480464 1082248 37
0.00015617934 867663 31
0.00030631194 1701733 37
0.00016901064 938948 42
0.00013809402 767189 39
0.0002135034 1186130 37
0.00010850832 602824 32
0.00032446908 1802606 32
0.00011970522 665029 40
0.00012832883999999999 712938 29
0.00020620476 1145582 51
0.00010501236 583402 30
0.00022381524 1243418 35
0.00018366282 1020349 40
0.0001901799 1056555 46
0.000154485 858250 30
0.00015219792 845544 41
0.00018802908 1044606 49
0.00011660706 647817 38
0.0001545669 858705 44
0.00020149848 1119436 48
0.00021160152 1175564 36
0.00020504142 1139119 46
0.00013894794 771933 40
0.00010773504 598528 34
0.00016176023999999999 898668 38
0.0001848861 1027145 42
0.00016814718 934151 39
0.00028816668 1600926 47
0.00017085582 949199 43
0.00027691794 1538433 31
0.0002296314 1275730 37
0.00020497104 1138728 41
0.00015496938 860941 40
0.00010269576 570532 32
0.00016381908 910106 43
0.000164601 914450 39
0.00020203542 1122419 44
0.00020333268 1129626 50
0.00023979042 1332169 38
9.229176e-05 512732 27
0.0001063386 590770 38
8.533242e-05 474069 27
0.00017125506 951417 41
0.00043316801999999997 2406489 34
0.00014303358 794631 40
0.00021345228 1185846 39
0.00023184036 1288002 46
0.00024007248 1333736 35
0.00024368291999999999 1353794 45
0.00018583542 1032419 44
0.00016756812 930934 39
0.00017822969999999999 990165 46
0.0001877319 1042955 36
0.00015456798 858711 32
0.00028090062 1560559 36
0.00039248478 2180471 27
0.00015444432 858024 43
8.493768e-05 471876 34
0.00019523682 1084649 35
0.00024635268 1368626 41
0.0001513692 840940 41
0.00049151808 2730656 34
0.0001886184 1047880 48
0.00010458737999999999 581041 31
0.00023038848 1279936 52
0.0001403226 779570 34
0.0002110914 1172730 42
0.00021839093999999999 1213283 45
0.00018505908 1028106 46
0.00021719034 1206613 52
0.00012673116 704062 41
0.00024608268 1367126 42
0.00024465906 1359217 42
0.00019487178 1082621 40
8.80506e-05 489170 32
0.00022461804 1247878 46
0.00024470856 1359492 38
0.00020487096 1138172 47
0.00025983432 1443524 52
0.00018914184 1050788 49
0.0001752624 973680 36
0.00019013706 1056317 38
0.0001205811 669895 38
0.00018631854 1035103 45
0.00022266972 1237054 45
8.806734e-05 489263 33
0.00031347899999999997 1741550 46
0.00017259552 958864 34
0.0001314216 730120 42
0.00028017918 1556551 45
0.00016175142 898619 46
0.00015692904 871828 44
0.00013049946 724997 35
0.00016671528 926196 49
0.00021814578 1211921 47
0.00020876094 1159783 44
0.0002772648 1540360 49
0.0001342701 745945 43
0.0002169927 1205515 42
0.00016155018 897501 44
0.00021955086 1219727 50
0.0002183094 1212830 41
0.00015144822 841379 44
0.00014927418 829301 39
0.00018263591999999999 1014644 44
0.00019906506 1105917 47
0.00010042992 557944 31
0.0002306862 1281590 48
0.00019387098 1077061 49
0.00021539682 1196649 51
0.0001325682 736490 39
0.00020212092 1122894 48
0.0001148454 638030 41
0.0001468125 815625 31
0.00021162852 1175714 48
0.00023826618 1323701 35
0.00021936888 1218716 51
0.00017648406 980467 44
0.00014096502 783139 19
0.00020790792 1155044 45
0.00013596426 755357 44
0.00017847144 991508 36
9.218232e-05 512124 33
0.00026712252 1484014 41
0.00015774966 876387 47
0.00010165896 564772 34
0.00019533294 1085183 48
0.00021381588 1187866 34
0.00026038566 1446587 36
0.00014896386 827577 45
0.00017856882 992049 42
0.00025047558 1391531 37
0.0002985939 1658855 37
0.0001530963 850535 44
0.00010560456 586692 37
0.00024100938 1338941 43
0.00020940228 1163346 49
0.0001460556 811420 35
0.00011063502 614639 32
0.00023498892 1305494 44
0.00020532564 1140698 41
0.00022858668 1269926 45
0.00014983182 832399 40
0.00015567642 864869 40
0.00012530106 696117 42
0.00028031778 1557321 42
0.00022798026 1266557 49
0.00014804135999999999 822452 40
0.00024556194 1364233 50
0.000153711 853950 40
0.0001216809 676005 31
0.00022117986 1228777 43
0.00036059616 2003312 29
0.00016292736 905152 42
0.00021527082 1195949 46
0.00013836186 768677 42
0.0001964403 1091335 48
0.0001159983 644435 41
8.172666e-05 454037 33
0.00018687437999999999 1038191 48
0.00011971926 665107 33
0.00032623056 1812392 48
0.00021269232 1181624 32
0.0001407123 781735 39
0.0002095695 1164275 35
0.00019114236 1061902 50
0.00026241318 1457851 43
0.00030968136 1720452 40
0.00016474788 915266 41
0.00025850772 1436154 37
0.00011708262 650459 41
0.00019728036 1096002 49
0.00020172276 1120682 42
0.00018424962 1023609 39
0.0001448694 804830 31
0.00017464103999999999 970228 41
0.0001891395 1050775 38
0.0001787904 993280 41
0.0001932867 1073815 46
0.000145512 808400 46
0.00022726332 1262574 35
0.00101006064 5611448 54
0.00018231138 1012841 38
0.0001880928 1044960 35
0.00018939456 1052192 39
0.0002019879 1122155 41
0.00015619248 867736 42
0.00033870924 1881718 37
0.00023363334 1297963 49
0.00010318104 573228 31
0.00038709252 2150514 35
0.00022849361999999998 1269409 45
0.00025567578 1420421 39
0.00016138818 896601 45
0.00014915646 828647 43
0.00011960334 664463 38
7.581438e-05 421191 25
0.0001980405 1100225 51
0.00018369 1020500 50
0.00012691746 705097 42
0.00016264907999999999 903606 45
0.0001752786 973770 45
0.00022748058 1263781 33
0.00013099824 727768 36
0.00019316268 1073126 43
0.00020240172 1124454 48
0.00021229254 1179403 41
0.00016036074 890893 33
0.00018908694 1050483 48
0.00020823515999999999 1156862 48
0.0001909845 1061025 49
0.0002297142 1276190 48
0.00019963818 1109101 36
0.00018163602 1009089 49
0.00014985234 832513 32
0.00027785628 1543646 35
0.00019295604 1071978 39
0.00019484946 1082497 45
0.00019145088 1063616 46
0.00023596776 1310932 45
0.00028304424 1572468 38
0.00011700198 650011 27
0.00025078374 1393243 45
0.00023570226 1309457 50
0.00019695942 1094219 51
0.00020884338 1160241 50
0.00029820636 1656702 36
0.0001752012 973340 42
0.000171882 954900 33
0.00018684954 1038053 36
0.00019689336 1093852 41
0.0009561177 5311765 73
0.00010984482 610249 38
0.00019862622 1103479 43
9.10224e-05 505680 31
0.00013661262 758959 43
0.00018108108 1006006 47
0.00017521218 973401 45
0.00018796518 1044251 47
0.00020666124 1148118 37
0.00014359428 797746 34
0.00017474076 970782 35
0.00018409176 1022732 44
9.557694e-05 530983 29
0.00016993818 944101 45
0.00011555028 641946 41
0.00015567336 864852 34
0.00026462772 1470154 38
0.00033304266 1850237 44
0.0001713492 951940 41
0.00017008146 944897 43
0.0002009277 1116265 48
0.0004329873 2405485 36
0.00021136824 1174268 40
8.921376e-05 495632 28
0.00020484954 1138053 48
0.00010164222 564679 30
0.00029263968 1625776 54
0.00020115684 1117538 50
0.00020975382 1165299 51
0.00013940316 774462 33
0.00019793808 1099656 42
0.00018482382 1026799 38
0.00041928786 2329377 38
0.000213651 1186950 49
0.00022415634 1245313 46
0.00020954826 1164157 48
0.00017876412 993134 38
0.0002188152 1215640 47
0.00019419066 1078837 42
9.905418e-05 550301 31
0.00022501782 1250099 50
8.135784e-05 451988 29
0.0001833147 1018415 37
0.0001478007 821115 41
0.00018252954 1014053 43
0.00024783192 1376844 29
0.00022313412 1239634 38
0.00014666094 814783 38
0.00021129894 1173883 48
0.00014258502 792139 35
0.00018086418 1004801 36
0.00016813764 934098 44
0.00020237976 1124332 38
0.00013539006 752167 38
0.00012856428 714246 39
8.450496e-05 469472 27
0.00025777224 1432068 36
0.0001788948 993860 46
0.00015009858 833881 34
0.00016185276 899182 44
7.796124e-05 433118 31
0.00024046758 1335931 38
0.00013221126 734507 34
0.0002622663 1457035 41
0.00022432248 1246236 49
0.00016901154 938953 33
0.00011688696 649372 44
9.136512e-05 507584 35
7.384482e-05 410249 32
0.00021075012 1170834 42
0.00017551404 975078 46
0.000189396 1052200 46
0.00017630207999999999 979456 39
0.00014305698 794761 36
0.0001098549 610305 31
0.00024896358 1383131 43
0.00024511248 1361736 45
0.00021593106 1199617 49
0.0002002401 1112445 47
0.00014032314 779573 29
0.00015158826 842157 28
0.000138672 770400 40
0.0001515204 841780 40
0.00021223836 1179102 47
0.00025772868 1431826 33
0.000139572 775400 42
0.0001497744 832080 32
0.00015567228 864846 43
0.0002235564 1241980 40
0.0001677357 931865 44
0.00019370142 1076119 47
0.00020964348 1164686 50
0.00020408976 1133832 38
0.0001584189 880105 44
0.00016066494 892583 40
0.00024643782 1369099 52
0.00023720274 1317793 47
0.00019620126 1090007 37
0.00018315558 1017531 45
9.580212e-05 532234 33
0.00014922882 829049 42
0.00016354854 908603 37
0.00023230062 1290559 41
0.00022479966 1248887 36
0.00020748851999999999 1152714 42
0.00034066224 1892568 41
0.00010928988 607166 31
0.0001852587 1029215 46
0.0002413404 1340780 39
0.00015118523999999999 839918 42
0.00011875446 659747 36
0.0003284325 1824625 32
0.00024949872 1386104 50
0.00019489734 1082763 44
0.00022293252 1238514 34
0.00018405666 1022537 44
0.00033365286 1853627 36
0.00037259964 2069998 38
0.00020205702 1122539 39
0.0002632257 1462365 32
0.00018732168 1040676 46
0.00010516554 584253 35
0.00020167236 1120402 45
0.00010055052 558614 33
0.00022461786 1247877 47
0.0001371699 762055 43
0.00018887292 1049294 47
0.00016745886 930327 42
0.0002276658 1264810 51
0.00015480108 860006 43
0.00016653942 925219 43
0.00021028572 1168254 41
0.000186417 1035650 42
0.00015696216 872012 43
0.0001625724 903180 46
0.00018186678 1010371 44
0.00023725566 1318087 38
0.00015335586 851977 45
0.0002179719 1210955 48
0.0004720923 2622735 32
0.00010081728 560096 29
9.932094e-05 551783 29
0.00014940036 830002 37
0.00018454968 1025276 44
0.00022350024 1241668 45
0.00017940078 996671 44
0.00013972662 776259 38
0.00011665422 648079 32
0.00020132568 1118476 43
0.00014639076 813282 43
9.590094e-05 532783 32
0.00011817558 656531 32
0.00016800282 933349 34
0.00027537246 1529847 42
0.00016112952 895164 47
0.00013963068 775726 40
0.0002033298 1129610 40
9.867816e-05 548212 32
0.00021659112 1203284 52
0.0004510143 2505635 37
0.00010902798 605711 33
0.00019660698 1092261 34
9.985284e-05 554738 33
0.0001978893 1099385 48
0.00029125656 1618092 34
0.00021039192 1168844 42
0.00023249142 1291619 33
0.00020062692 1114594 46
0.0001930941 1072745 47
0.00017630316 979462 36
0.00010922454 606803 33
0.00022724982 1262499 47
0.00017520804 973378 43
0.00012048948 669386 33
0.00017545986 974777 47
7.372368e-05 409576 29
0.00022166658 1231481 50
0.0001281411 711895 40
0.00016422516 912362 43
6.534612e-05 363034 28
0.00020415635999999999 1134202 45
0.00021189402 1177189 38
0.00020985696 1165872 44
0.00011923182 662399 42
0.00020382336 1132352 47
0.00014171652 787314 37
0.00018912258 1050681 41
0.0002272815 1262675 45
0.00014690268 816126 41
0.00028035719999999997 1557540 49
9.915858e-05 550881 32
0.00022792338 1266241 50
7.17327e-05 398515 30
0.00021265776 1181432 48
0.00014955444 830858 42
0.00016485822 915879 41
0.00019916262 1106459 48
0.00010618344 589908 34
0.00022726332 1262574 29
0.00023137362 1285409 43
0.0001697463 943035 44
0.00024700446 1372247 48
0.00048876858 2715381 36
0.000465435 2585750 37
0.0001892439 1051355 41
0.00020692116 1149562 49
0.00021324582 1184699 47
0.00020502864 1139048 41
0.00014956542 830919 38
0.00016268526 903807 45
0.00020582532 1143474 38
0.00021076488 1170916 51
0.00018807084 1044838 46
0.0001279872 711040 39
0.0001138446 632470 28
9.800532e-05 544474 35
0.00021849318 1213851 50
0.0001157661 643145 36
0.00019511154 1083953 46
0.00017528958 973831 32
0.00019784232 1099124 41
7.307946e-05 405997 31
0.00012904524 716918 40
0.00020048634 1113813 49
0.0002353779 1307655 46
0.00013055058 725281 42
0.0001118286 621270 36
0.00017920764 995598 44
0.00011356524 630918 35
0.00020028348 1112686 49
0.00043783434 2432413 36
0.00027958896 1553272 29
0.00025184754 1399153 52
0.00019704348 1094686 43
0.0002345499 1303055 32
0.00026237142 1457619 47
0.00011995722 666429 39
0.0001113237 618465 35
6.007536e-05 333752 29
0.0002577717 1432065 35
0.00013646484 758138 44
0.00020196306 1122017 44
0.00019904022 1105779 36
0.00105425928 5856996 49
0.00034049232 1891624 35
0.0001545759 858755 36
0.00013562298 753461 30
0.00016443953999999999 913553 42
0.0002111661 1173145 43
0.00015985224 888068 38
0.00023620806 1312267 48
0.00095335524 5296418 63
0.00015908436 883802 31
8.321147999999999e-05 462286 32
0.00020570994 1142833 44
0.00021855582 1214199 45
0.0001158363 643535 29
0.00020119446 1117747 39
0.00018623898 1034661 48
0.00013823568 767976 38
0.00012713814 706323 42
0.00031005936 1722552 25
0.00021163608 1175756 43
0.00020414646 1134147 44
0.00021332664 1185148 37
0.00088020738 4890041 46
8.407566e-05 467087 34
0.00013003182 722399 41
0.00019016856 1056492 30
0.00021034836 1168602 40
0.00014109138 783841 41
0.00015039126 835507 38
0.00047195514 2621973 36
0.00014141466 785637 32
0.00023079437999999999 1282191 50
0.00011529882 640549 30
0.00026702892 1483494 35
0.00022177926 1232107 29
8.79255e-05 488475 32
0.0002235699 1242055 47
0.00014614218 811901 40
0.00021859794 1214433 44
0.0001320435 733575 26
0.0002499624 1388680 43
0.00019521864 1084548 47
0.00011976012 665334 38
0.00022875552 1270864 29
0.0002097387 1165215 42
0.00016685838 926991 34
0.00032554098 1808561 46
0.00025981362 1443409 50
0.00020893518 1160751 47
0.00010757232 597624 42
0.0001992033 1106685 39
0.00023193936 1288552 32
9.976788e-05 554266 33
0.00017569854 976103 47
0.00016274322 904129 31
0.00018838026 1046557 46
0.00019483614 1082423 44
8.081064e-05 448948 34
0.00015338304 852128 37
0.00013122342 729019 33
0.00023451858 1302881 44
0.00010764828 598046 32
0.00016779042 932169 45
0.0002007054 1115030 50
0.00016990272 943904 37
0.00020395116 1133062 51
0.0002584989 1436105 37
0.00016378776 909932 37
0.0001608012 893340 38
0.00021619656 1201092 38
0.00024266682 1348149 48
0.00011847834 658213 32
0.00010511856 583992 32
0.0001821483 1011935 45
0.00027837072 1546504 41
0.0002037312 1131840 32
0.00025280316 1404462 49
0.00019588644 1088258 47
0.00019355724 1075318 43
0.000152874 849300 32
0.00016826238 934791 37
0.00018292842 1016269 49
0.00020827494 1157083 45
0.00012878838 715491 32
0.00023741046 1318947 42
0.00015789942 877219 42
0.00022314438 1239691 46
0.00018250218 1013901 41
0.00018160164 1008898 33
0.00027737262 1540959 47
0.0001707948 948860 44
0.00013760064 764448 31
0.0002141181 1189545 45
0.00020130678 1118371 48
0.00012203226 677957 35
0.00022412898 1245161 42
0.00023006754 1278153 38
0.00022271579999999999 1237310 50
0.00011143746 619097 32
0.00033733476 1874082 36
6.49755e-05 360975 29
0.00016748784 930488 39
0.00022168926 1231607 44
0.00015632784 868488 44
0.00025895862 1438659 43
0.00013095108 727506 35
0.0002121975 1178875 47
0.00010224036 568002 33
0.00021638034 1202113 43
0.00018543834 1030213 47
0.00017779716 987762 44
0.00021705966 1205887 31
0.0001659951 922195 42
0.00019700712 1094484 43
0.00015344388 852466 39
0.0001555299 864055 40
0.00021272778 1181821 44
0.000189549 1053050 45
0.00042452982 2358499 37
0.00015114294 839683 40
0.0002216376 1231320 51
0.0002742633 1523685 35
0.0001811358 1006310 49
0.00016117542 895419 36
0.00017653302 980739 40
0.00013718952 762164 39
0.00013942836 774602 34
0.0001242261 690145 32
0.0001431054 795030 37
0.00013074192 726344 27
0.00014666634 814813 46
0.00019640628 1091146 44
0.0002260458 1255810 51
0.00023072616 1281812 51
0.00017600094 977783 36
0.00020901024 1161168 50
0.00011981016 665612 32
0.0002355327 1308515 49
0.00024204168 1344676 52
0.00011759004 653278 36
0.00017085618 949201 41
0.00021534264 1196348 47
0.00017604216 978012 43
0.00019695114 1094173 47
0.00024422922 1356829 38
0.00020835324 1157518 51
0.00038264724 2125818 40
0.0001166382 647990 37
9.550818e-05 530601 36
0.00017345664 963648 43
0.00018650898 1036161 38
0.00022520412 1251134 46
0.00012584304 699128 40
6.688674e-05 371593 27
9.143928e-05 507996 30
0.00013256136 736452 38
0.0001987407 1104115 50
0.00015073524 837418 41
7.21629e-05 400905 30
0.00020204514 1122473 47
0.0002652597 1473665 40
0.00014913612 828534 31
0.00030447594 1691533 34
0.0002474559 1374755 52
0.00021246678 1180371 47
0.00011579562 643309 40
0.00046777248 2598736 35
0.00040617522 2256529 44
0.00015068286 837127 40
0.00047752074 2652893 33
0.00018100152 1005564 44
0.00015428448 857136 36
0.00021743982 1207999 47
0.00014547384 808188 44
0.0001418787 788215 42
0.0002473533 1374185 50
0.0001306773 725985 27
7.593642e-05 421869 33
0.00019313334 1072963 49
8.633052e-05 479614 31
0.00029524572 1640254 31
0.00017673786 981877 36
0.00015037524 835418 34
0.00010399068 577726 32
0.00011789982 654999 35
0.00013570866 753937 36
0.00036078552 2004364 38
0.00041631876 2312882 30
0.00012144654 674703 35
0.00024383268 1354626 50
0.00014685066 815837 32
0.00025134894 1396383 43
0.0001529073 849485 37
0.00017607132 978174 42
0.00016459686 914427 44
0.00024256962 1347609 46
0.00039061062 2170059 41
0.0004170168 2316760 31
0.00014964102 831339 45
0.00011339694 629983 40
0.00017786538 988141 45
0.00017305668 961426 44
0.00038327742 2129319 37
0.0004562892 2534940 35
0.00012300083999999999 683338 38
0.00023721606 1317867 36
0.00022610484 1256138 50
9.373356e-05 520742 34
0.00018043884 1002438 44
0.00021282929999999999 1182385 42
0.000257175 1428750 43
0.00020560824 1142268 49
7.36794e-05 409330 30
0.0001582371 879095 39
0.00017144136 952452 37
0.00017374194 965233 46
0.00018627822 1034879 47
0.00017116758 950931 49
0.00013596192 755344 34
0.00024612426 1367357 43
0.0002694573 1496985 48
0.00025136226 1396457 36
8.759754e-05 486653 35
0.00023179086 1287727 52
0.00017086554 949253 31
0.0001954764 1085980 36
0.00012765168 709176 36
0.00023395266 1299737 46
0.00024948575999999997 1386032 44
0.00016523298 917961 34
0.0002043 1135000 41
0.0002577141 1431745 51
0.0001554579 863655 41
0.0001343079 746155 37
0.00043578162 2421009 37
0.00020439306 1135517 48
0.00017895581999999999 994199 47
0.00014999508 833306 39
0.00021564018 1198001 48
0.00113331942 6296219 37
9.884682e-05 549149 30
0.00023190804 1288378 42
0.00016771446 931747 39
0.00016041564 891198 40
0.00019360116 1075562 48
0.00011409714 633873 36
0.00023680116 1315562 36
0.0002015235 1119575 47
0.00030408606 1689367 36
0.0002291436 1273020 42
8.920512e-05 495584 35
0.00015523614 862423 32
0.00024738678 1374371 53
0.00017207946 955997 46
0.00019534302 1085239 45
0.00020516922 1139829 48
0.00024778728 1376596 37
0.00019264572 1070254 46
0.00016451604 913978 35
9.61326e-05 534070 34
0.00010691262 593959 35
0.00025182792 1399044 51
0.0002849778 1583210 50
0.00015693714 871873 40
0.00024305346 1350297 33
0.0001516797 842665 44
0.00023233788 1290766 37
0.00014228405999999999 790467 31
0.00016233084 901838 34
7.518456e-05 417692 32
0.00022862988 1270166 41
0.00016043724 891318 30
0.0002043378 1135210 48
0.00015933654 885203 38
0.00017348418 963801 38
0.000166509 925050 40
0.00020042874 1113493 43
0.00016744104 930228 34
0.00018466182 1025899 45
0.00014258952 792164 40
0.00016043436 891302 43
0.00021170214 1176123 40
0.00023437854 1302103 49
0.00021012336 1167352 30
0.00012558456 697692 31
0.00015244757999999999 846931 36
0.00030749508 1708306 29
0.00013554468 753026 35
0.0001141938 634410 36
0.00011185866 621437 40
0.00017242686 957927 42
0.0004314582 2396990 37
0.00019978146 1109897 42
0.00016611065999999999 922837 42
0.00018399276 1022182 47
0.00021107196 1172622 33
0.00012534156 696342 33
0.00016996032 944224 38
0.00020207196 1122622 52
0.00017706942 983719 46
0.00013994892 777494 41
0.00018211086 1011727 46
0.00012228336 679352 40
0.00010712808 595156 40
0.00028421586 1578977 39
0.00022783158 1265731 44
0.00019533726 1085207 43
0.0001986039 1103355 50
0.00013709214 761623 38
0.00018517842 1028769 49
0.00017172684 954038 45
0.00017746884 985938 41
0.00024550776 1363932 49
0.00023348088 1297116 50
0.00014082318 782351 41
0.00018472464 1026248 45
0.0001033794 574330 32
0.00023591052 1310614 41
0.00013752198 764011 42
0.0001947267 1081815 46
0.00013932468 774026 42
0.00018793962 1044109 41
0.00016434792 913044 45
0.0002277774 1265430 43
0.00021995982 1221999 35
0.00021021156 1167842 48
0.00020594016 1144112 50
0.00017581536 976752 47
0.00019791468 1099526 50
0.00029935278 1663071 34
0.0001579509 877505 44
0.00019767204 1098178 39
0.00019403586 1077977 34
0.00023238162 1291009 52
0.00011577798 643211 33
0.0002353239 1307355 36
0.00017292924 960718 39
0.00026196354 1455353 53
0.00024091272 1338404 38
0.0002254302 1252390 48
0.0002333907 1296615 37
0.00027245304 1513628 50
0.00029423682 1634649 41
0.0001393686 774270 35
0.0001546587 859215 43
9.467676e-05 525982 33
0.00019138554 1063253 49
0.00019012662 1056259 50
8.970984e-05 498388 30
0.00019883034 1104613 36
0.00022260906 1236717 42
0.00016787664 932648 44
0.00030672756 1704042 45
0.00021401388 1188966 49
0.0001587339 881855 46
0.000190647 1059150 41
0.00018556614 1030923 43
0.00030136464 1674248 42
0.0002627001 1459445 47
0.00019100448 1061136 49
0.00019669769999999999 1092765 46
0.00021523968 1195776 36
0.0001631691 906495 41
0.00021613608 1200756 50
0.00011403486 633527 34
0.00016784982 932499 47
0.00022616784 1256488 37
0.00010333386 574077 33
0.00012072816 670712 41
0.00027783936 1543552 49
0.00030309012 1683834 40
0.00015676974 870943 46
0.00023136786 1285377 49
0.00012387096 688172 34
0.00015076188 837566 38
0.00016583202 921289 41
0.00022163472 1231304 47
0.00014938182 829899 41
0.00019267002 1070389 40
0.00016543692 919094 43
0.000189819 1054550 48
0.00017149806 952767 45
0.00031436712 1746484 40
0.00028927674 1607093 33
0.00017108622 950479 45
0.00010385676 576982 39
0.0001201581 667545 33
0.00019015056 1056392 39
0.00026459405999999997 1469967 36
0.00021740382 1207799 49
0.00018643769999999999 1035765 34
0.00017423838 967991 45
9.329886e-05 518327 25
0.00016285626 904757 43
0.00010525464 584748 31
0.00015165 842500 32
0.00021813552 1211864 46
0.00016980372 943354 41
0.00018978984 1054388 52
0.00014758938 819941 39
0.00020726478 1151471 37
0.00025006446 1389247 49
0.0001719207 955115 46
0.0001876275 1042375 48
0.00013384602 743589 37
0.00019299582 1072199 34
0.00017847612 991534 45
0.0001915758 1064310 37
0.00010017666 556537 31
0.00016887456 938192 46
0.00017788968 988276 45
0.00023167566 1287087 29
9.396018e-05 522001 32
0.00019578564 1087698 47
0.00022551966 1252887 49
0.00027938448 1552136 38
0.00013819698 767761 44
0.00019008936 1056052 39
0.00012373596 687422 40
0.00025292862 1405159 42
0.00014855562 825309 36
0.00015919218 884401 39
8.783838e-05 487991 30
0.00019147302 1063739 36
0.00015122862 840159 34
0.0002211012 1228340 49
0.0002035206 1130670 45
0.00018933948 1051886 45
0.0001875681 1042045 41
0.00033365592 1853644 37
0.00018168696 1009372 47
0.00017438616 968812 40
0.00017573166 976287 49
0.0001987065 1103925 48
8.742672e-05 485704 33
0.00016587378 921521 39
0.00019496646 1083147 50
0.00019977642 1109869 46
0.0001346472 748040 42
0.0001602576 890320 44
0.00012636306 702017 36
0.0001208196 671220 32
0.0002310219 1283455 51
0.00019390842 1077269 38
8.596566e-05 477587 30
0.00024803244 1377958 43
0.00013317768 739876 35
0.00020907576 1161532 29
0.00013284648 738036 41
0.00023375592 1298644 51
0.0001951092 1083940 49
0.0002316186 1286770 49
0.00023039928 1279996 49
0.00012742938 707941 36
0.00014540508 807806 41
8.231364e-05 457298 33
0.00015177132 843174 37
0.00029518506 1639917 37
0.00021263328 1181296 43
0.00020176848 1120936 50
0.00089544816 4974712 53
0.00010530828 585046 37
0.00018566316 1031462 43
0.00016831008 935056 43
0.00016466886 914827 41
0.0001389897 772165 30
0.00024830442 1379469 52
0.00015373998 854111 45
0.00015378948 854386 44
0.00015696306 872017 44
0.00018676332 1037574 49
0.0002314458 1285810 47
0.00022665096 1259172 51
0.00019885374 1104743 32
0.00014934006 829667 44
0.0002518281 1399045 50
0.00014731074 818393 35
0.00050689638 2816091 29
8.083638e-05 449091 27
0.00020865888 1159216 49
0.00011454336 636352 43
0.0001702908 946060 44
0.00011946744 663708 36
0.00015356718 853151 33
0.0002526345 1403525 50
0.00017807778 989321 32
8.328798e-05 462711 34
0.00017208612 956034 42
0.00022389876 1243882 44
0.00028898604 1605478 35
0.00019987758 1110431 42
0.00014367888 798216 36
9.714222e-05 539679 33
0.00014306472 794804 36
0.00022026005999999999 1223667 50
0.00017281818 960101 48
0.00014921316 828962 43
0.000110214 612300 41
0.00041015844 2278658 34
0.0002227824 1237680 42
0.00030089088 1671616 45
0.00019780272 1098904 44
0.00017347283999999999 963738 39
0.00017405046 966947 42
9.74601e-05 541445 37
0.0001852209 1029005 41
0.00013763412 764634 30
9.954972e-05 553054 32
0.0001549395 860775 42
0.00019948878 1108271 45
0.00016568982 920499 44
0.00034709382 1928299 43
0.00020247084 1124838 41
9.86913e-05 548285 35
0.00017756298 986461 40
0.000139743 776350 44
0.000207252 1151400 39
0.0001543113 857285 46
0.00020915712 1161984 49
0.00018675306 1037517 45
9.539586e-05 529977 33
0.00011030886 612827 33
0.0001661337 922965 45
0.00020252772 1125154 48
0.0002763873 1535485 49
0.00021510612 1195034 46
0.00015778638 876591 42
0.00014184702 788039 40
0.00024208488 1344916 41
0.0001301076 722820 38
0.0002656917 1476065 40
0.00018414684 1023038 33
0.00030646746 1702597 41
0.00014429502 801639 43
0.00020559222 1142179 43
0.00017471286 970627 42
0.00016746264 930348 39
0.00013401792 744544 46
0.00037419317999999997 2078851 35
0.0002657259 1476255 40
0.00043050708 2391706 36
0.0001557765 865425 39
0.0001900395 1055775 51
9.349866e-05 519437 33
0.00024280776 1348932 53
0.00015734466 874137 44
0.00036580572 2032254 38
0.00023078448 1282136 36
0.00010148094 563783 35
0.00024248826 1347157 52
0.00013824504 768028 34
9.234378e-05 513021 32
0.00034322562 1906809 38
0.0001298493 721385 35
6.764202e-05 375789 26
0.00018226566 1012587 44
0.0002033838 1129910 36
0.00020942424 1163468 55
0.00014138064 785448 42
0.00014375898 798661 42
0.00022505256 1250292 38
0.00024404994 1355833 39
0.00023344272 1296904 44
0.00010704672 594704 28
0.00027238896 1513272 39
0.00018087876 1004882 30
0.00022003326 1222407 47
9.767016e-05 542612 31
0.00017485506 971417 44
0.00022405248 1244736 49
0.00028790946 1599497 40
0.0001973682 1096490 48
0.0001882602 1045890 44
0.0002214324 1230180 45
0.00078301242 4350069 67
0.00012211614 678423 37
0.00031479264 1748848 42
0.0001993797 1107665 45
0.00016823574 934643 42
0.00016729218 929401 43
7.751412e-05 430634 28
0.00014388336 799352 38
0.0002565135 1425075 52
8.851122e-05 491729 29
0.0001016802 564890 34
0.00017871912 992884 46
0.00030462678 1692371 30
0.00031939722 1774429 32
0.00011947518 663751 44
0.00018885348 1049186 41
0.00015974766 887487 45
0.00107580834 5976713 54
0.00012444714 691373 33
0.00017254476 958582 44
0.0001294326 719070 43
0.00011499912 638884 32
0.00020151918 1119551 41
0.00012195774 677543 43
7.243902e-05 402439 30
0.00023820102 1323339 43
0.0001317186 731770 39
0.00024987942 1388219 39
0.0002593953 1441085 38
0.00023791374 1321743 41
0.00011300382 627799 30
0.00012773466 709637 34
0.00046968354 2609353 34
0.0001792098 995610 40
0.00036804942 2044719 40
0.00015805674 878093 44
0.00013613112 756284 41
0.00019487574 1082643 40
0.00022029408 1223856 51
0.00111423906 6190217 37
0.00013024926 723607 30
0.0001625337 902965 42
0.00020819214 1156623 48
0.00019979928 1109996 43
0.00011877282 659849 33
0.00035048106 1947117 37
8.415e-05 467500 31
0.00018658584 1036588 44
7.192008e-05 399556 27
0.00024860322 1381129 45
0.000197316 1096200 47
0.00024099786 1338877 33
0.00021523032 1195724 35
0.0001331883 739935 34
0.00022989582 1277199 31
0.00017038026 946557 46
8.944182e-05 496899 30
0.0001626543 903635 42
0.00010039518 557751 33
0.00017475516 970862 48
0.00021734748 1207486 40
0.00021572856 1198492 45
0.0002350971 1306095 47
0.00027385992 1521444 37
0.0002034756 1130420 49
0.00012026268 668126 33
0.0003989889 2216605 39
0.00034350246 1908347 40
0.0001486503 825835 41
0.00014434344 801908 44
0.00013970412 776134 43
0.00023925438 1329191 44
0.00022054392 1225244 50
0.00017994762 999709 48
0.00016520418 917801 38
0.00039318354 2184353 36
0.0001145574 636430 31
0.00012186935999999999 677052 37
0.00015813036 878502 36
0.00014788836 821602 43
0.00021219552 1178864 48
0.00020580084 1143338 48
0.00045494802 2527489 38
0.00018861084 1047838 46
0.00019538568 1085476 44
0.0001848339 1026855 46
0.0001931436 1073020 49
0.0001648341 915745 43
0.00016582212 921234 42
0.00021529044 1196058 46
0.00021385926 1188107 49
0.00020721042 1151169 33
0.00012423761999999999 690209 33
0.0002372535 1318075 50
0.00022257018 1236501 49
0.0002095362 1164090 37
0.00018478962 1026609 35
0.0002150262 1194590 48
0.00019382544 1076808 49
0.00025536852 1418714 50
0.00012009419999999999 667190 40
0.00016144308 896906 44
0.00012079116 671062 36
0.00010931562 607309 32
0.00019169064 1064948 36
0.00020191788 1121766 49
0.00015683688 871316 40
0.00016868142 937119 42
9.346266e-05 519237 35
0.00010969686 609427 38
0.00025330428 1407246 41
0.00017641098 980061 43
0.00105930936 5885052 46
0.00025260012 1403334 42
0.00022821984 1267888 30
0.00018193194 1010733 40
0.00014812542 822919 34
0.0001690974 939430 38
0.00012044052 669114 38
0.0001608723 893735 36
0.00027343296 1519072 45
0.00022700304 1261128 40
0.00024930054 1385003 36
8.920224e-05 495568 34
0.00015055416 836412 29
0.0002256867 1253815 53
0.00019171296 1065072 50
0.00021259368 1181076 42
0.0001524294 846830 41
0.00011801898 655661 38
0.00025465409999999997 1414745 48
8.895888e-05 494216 36
0.00026341362 1463409 37
0.00015137514 840973 35
0.00023484852 1304714 46
0.00018886734 1049263 45
0.00011358702 631039 35
0.00018006102 1000339 29
0.00017070642 948369 40
0.00017811648 989536 49
0.00015899526 883307 38
0.00011094372 616354 36
0.00027155034 1508613 36
0.00023493006 1305167 43
0.00013218696 734372 31
0.00012136734 674263 38
0.0001995039 1108355 48
0.00016100622 894479 46
0.00021282659999999999 1182370 49
0.00047501154 2638953 31
0.00016743258 930181 40
0.00025417926 1412107 40
0.00017850996 991722 42
0.00014019012 778834 35
0.00013148766 730487 34
0.0001247103 692835 30
0.00016339518 907751 45
0.00021955068 1219726 51
0.00021731328 1207296 39
0.00017886978 993721 42
0.00023698584 1316588 44
0.0001578942 877190 40
0.00032382702 1799039 49
0.00016096014 894223 43
0.00012977946 720997 34
0.00017747136 985952 45
0.00011602116 644562 32
7.355124e-05 408618 31
0.00021189906 1177217 44
0.00015084216 838012 44
0.00020896362 1160909 48
0.00014326992 795944 45
0.0001976904 1098280 32
0.00036317556 2017642 26
0.00013367862 742659 38
0.0001821474 1011930 41
9.889794e-05 549433 31
0.00015145884 841438 45
0.00023924196 1329122 53
0.00010326456 573692 30
0.00020397617999999999 1133201 34
9.372078e-05 520671 31
0.00011922444 662358 31
0.0001394352 774640 40
0.00025009398 1389411 39
0.00020612538 1145141 36
8.919989999999999e-05 495555 35
0.00016509977999999999 917221 38
9.556902e-05 530939 32
0.00018597492 1033194 47
0.00020102994 1116833 49
0.00017220618 956701 31
0.00019417014 1078723 44
0.00024551226 1363957 49
0.00020957166 1164287 50
0.00016053606 891867 38
0.0001953441 1085245 52
0.00021867102 1214839 44
0.00025990596 1443922 41
0.00016942482 941249 42
0.00017483958 971331 42
0.00012440574 691143 43
0.00014997114 833173 37
0.00017346024 963668 43
0.00028673982 1592999 41
0.00022325274 1240293 40
0.00012927402 718189 41
0.00019629198 1090511 50
0.0001606248 892360 41
0.00014715828 817546 36
0.00012659814 703323 27
0.00023454954 1303053 38
0.00015871428 881746 44
0.00014325408 795856 42
0.00023926194 1329233 47
0.0001403811 779895 34
0.0001155303 641835 38
0.000245385 1363250 42
0.00017117082 950949 40
0.0001152972 640540 35
0.00010850508 602806 38
0.00015866136 881452 41
0.00026003754 1444653 49
0.0001183797 657665 41
0.00028065096 1559172 39
0.00021610224 1200568 49
0.00016328772 907154 39
0.0002462697 1368165 46
0.00020013336 1111852 44
0.00016948817999999999 941601 47
0.00015632838 868491 36
9.359226e-05 519957 30
9.108648e-05 506036 33
0.00021658626 1203257 40
0.00021078432 1171024 46
0.00069291036 3849502 60
0.0001543779 857655 32
0.00019175922 1065329 45
0.00021754332 1208574 51
0.00016662168 925676 41
0.00019015578 1056421 41
0.00019187946 1065997 42
0.00014892174 827343 47
0.0001018341 565745 33
0.00024363449999999999 1353525 45
0.00011736 652000 39
0.00014063022 781279 35
0.00029194722 1621929 47
0.00027559818 1531101 52
0.00014882526 826807 42
0.00019293156 1071842 46
0.00017518086 973227 36
0.00029603646 1644647 47
0.000194823 1082350 46
0.00033661404 1870078 33
0.00013994964 777498 34
0.00010928844 607158 34
0.00026678196 1482122 51
0.0003119886 1733270 41
0.00016979454 943303 37
0.0001961604 1089780 51
0.0002708316 1504620 38
0.00020618946 1145497 38
0.0002184984 1213880 50
0.0001640043 911135 49
0.00028986551999999997 1610364 38
0.00021959514 1219973 44
0.00029825496 1656972 49
0.00013240134 735563 31
0.00022186944 1232608 53
0.00087392358 4855131 75
0.00026226216 1457012 47
0.00015127434 840413 42
0.00010826334 601463 37
0.00023003604 1277978 48
0.00016964532 942474 47
0.00021551724 1197318 49
0.00015361848 853436 40
0.00027854442 1547469 41
0.00022678812 1259934 34
0.00027734652 1540814 36
0.00020284164 1126898 39
0.00020275848 1126436 29
0.00023420592 1301144 48
0.00022498866 1249937 49
0.0001540548 855860 40
0.00016584696 921372 34
0.00010037159999999999 557620 30
0.00019515312 1084184 53
0.00011257181999999999 625399 35
0.00018130374 1007243 49
0.00018814302 1045239 44
0.00025367202 1409289 41
0.00026934228 1496346 35
0.00018939869999999999 1052215 36
0.00022246866 1235937 48
0.00017316972 962054 41
0.0001216701 675945 32
0.00017220042 956669 46
0.00015321654 851203 42
0.00024032916 1335162 46
0.0002044971 1136095 37
0.00015617718 867651 41
0.00018566928 1031496 41
0.00015882282 882349 38
0.00020376054 1132003 36
0.0001895697 1053165 41
8.403948e-05 466886 28
0.00020960982 1164499 45
0.00028695006 1594167 40
0.00031280238 1737791 46
0.00024450696 1358372 45
0.00021767472 1209304 50
0.00025781112 1432284 48
0.00018203112 1011284 46
0.00023225616 1290312 45
0.00016439184 913288 43
0.00035220005999999997 1956667 37
0.00023807772 1322654 46
0.00020609694 1144983 48
0.00018155196 1008622 48
0.0002180268 1211260 48
0.0002038257 1132365 48
0.00013747572 763754 32
0.00010299096 572172 33
0.00016965954 942553 43
0.0002054367 1141315 48
0.00026367876 1464882 48
0.00014541318 807851 46
0.00016796178 933121 37
0.00013264794 736933 30
0.0001514016 841120 37
0.0001854774 1030430 39
0.00023315598 1295311 40
0.00015615936 867552 38
0.00017923554 995753 49
0.00021549546 1197197 38
0.00018412704 1022928 45
0.00019853136 1102952 53
8.847774e-05 491543 34
0.0001009107 560615 35
9.602946e-05 533497 36
0.00024907158 1383731 49
0.00013725504 762528 37
0.0002859408 1588560 36
0.00022402692 1244594 48
0.00015701076 872282 42
0.0001483155 823975 42
0.00026159922 1453329 51
0.00023295204 1294178 39
0.00016791588 932866 44
0.00018576971999999999 1032054 48
0.00019590767999999999 1088376 42
0.0002121534 1178630 41
0.00013115736 728652 40
0.000195435 1085750 49
0.00018246114 1013673 47
0.0001962117 1090065 40
0.00019792854 1099603 44
0.00010679058 593281 37
0.00011478204 637678 33
0.00012918024 717668 35
0.00013939722 774429 40
0.00023537843999999999 1307658 42
0.00014307912 794884 40
0.00031887882 1771549 38
0.00017605061999999999 978059 34
0.00015454728 858596 45
0.0001527525 848625 37
0.0004563441 2535245 37
0.00021570804 1198378 49
0.000169749 943050 44
0.0001289799 716555 31
0.00015162138 842341 31
0.00022040532 1224474 52
0.0001913769 1063205 33
0.00015055542 836419 37
0.00016339644 907758 43
0.00021758472 1208804 38
0.00020490426 1138357 46
0.00019159668 1064426 39
0.00013074606 726367 39
0.00015359742 853319 47
0.00020216826 1123157 48
0.00086101272 4783404 51
0.00019801332 1100074 34
0.00024824754 1379153 48
0.00020776517999999999 1154251 51
0.00013886622 771479 41
0.00014110938 783941 31
0.00019472886 1081827 40
0.00016801236 933402 37
0.00023731722 1318429 52
0.00010538136 585452 41
0.0001686465 936925 42
0.00014038146 779897 37
0.00019684872 1093604 49
0.00015198678 844371 43
0.00017464284 970238 46
0.00029267316 1625962 33
0.00019870506 1103917 40
0.00017495532 971974 48
0.00017125416 951412 49
0.00030236436 1679802 40
0.00018154637999999999 1008591 28
0.00018178434 1009913 44
0.00023613732 1311874 49
0.00020094462 1116359 38
0.00013721796 762322 39
0.00022337082 1240949 52
0.00019635894 1090883 38
0.00026436852 1468714 39
0.00013356486 742027 32
0.0001941984 1078880 32
0.00016947846 941547 45
9.885293999999999e-05 549183 27
0.00016443684 913538 39
0.00012303684 683538 40
0.00019211688 1067316 44
0.0003812049 2117805 28
0.00019751795999999999 1097322 40
0.0001231011 683895 33
0.0001916451 1064695 50
0.00018399492 1022194 32
0.00018652302 1036239 41
0.00013873103999999999 770728 38
0.00025565364 1420298 38
0.00018206784 1011488 43
0.00024080814 1337823 49
0.00015236028 846446 34
0.0002039193 1132885 45
0.00035847972 1991554 37
0.00021389327999999999 1188296 42
9.472986e-05 526277 35
0.00023108796 1283822 36
0.00014747598 819311 33
0.00018369054 1020503 39
9.61317e-05 534065 30
0.00016889634 938313 36
0.00010299546 572197 28
0.000166257 923650 39
0.00017562798 975711 40
0.0001806282 1003490 42
0.0001914273 1063485 45
0.0001090773 605985 30
0.00017482572 971254 46
0.0001865025 1036125 48
0.00015954354 886353 40
8.540424e-05 474468 32
0.00019673082 1092949 47
0.00015545178 863621 41
0.00010359648 575536 37
0.0001034811 574895 32
0.00013208742 733819 41
8.056728e-05 447596 32
0.0002706372 1503540 32
0.0002293677 1274265 33
0.00019008018 1056001 35
0.00010010753999999999 556153 30
0.00010293012 571834 33
0.00034665534 1925863 31
7.944516e-05 441362 33
0.00020908242 1161569 44
0.00019344978 1074721 42
0.00017267148 959286 45
7.726896e-05 429272 29
0.00022947768 1274876 53
0.00017568684 976038 39
0.00024809886 1378327 39
8.502444e-05 472358 30
0.00019697544 1094308 37
0.0001498941 832745 33
0.00010425132 579174 32
0.0004370742 2428190 33
0.00020799414 1155523 46
0.00024178662 1343259 48
7.67925e-05 426625 27
0.00017740692 985594 44
0.0001086003 603335 33
0.00024397092 1355394 37
0.0001686024 936680 39
0.00010663866 592437 38
0.00014519862 806659 34
0.00018805716 1044762 32
0.0001463985 813325 40
0.00025107966 1394887 41
0.00019098756 1061042 35
0.00017357004 964278 41
0.00022176144 1232008 51
0.0002538216 1410120 41
0.00036286434 2015913 36
0.00022144698 1230261 34
0.00021778002 1209889 49
0.00025332534 1407363 54
0.0002773575 1540875 41
0.000168696 937200 42
0.0001214586 674770 38
0.00030242574 1680143 35
0.00014036904 779828 39
0.00026175168 1454176 45
0.00014751557999999999 819531 44
0.00016323696 906872 36
0.0002554317 1419065 39
0.00010580148 587786 35
0.00024039702 1335539 47
0.000151569 842050 34
0.00028698966 1594387 35
0.00017490852 971714 40
0.00020467872 1137104 52
0.00023208534 1289363 43
0.00022326066 1240337 50
0.0001621638 900910 31
0.00021938184 1218788 45
0.00028251936 1569552 44
0.00033346026 1852557 48
0.00030276504 1682028 44
0.00022461516 1247862 49
0.00015535998 863111 44
0.00021098807999999999 1172156 43
0.00021606372 1200354 52
0.00024848172 1380454 48
0.0001609245 894025 38
0.00015613505999999999 867417 41
0.00021376746 1187597 47
0.00025126812 1395934 33
0.0005120523 2844735 37
0.00020565306 1142517 50
0.00026408214 1467123 37
0.00017690778 982821 45
0.00019871856 1103992 47
0.0002006694 1114830 48
0.00020378466 1132137 39
0.00019373436 1076302 49
0.00025490412 1416134 51
0.00024510222 1361679 48
0.00020552508 1141806 39
0.00014700708 816706 35
0.00016134606 896367 37
0.00023693922 1316329 37
0.00012815478 711971 29
0.00013208184 733788 37
0.00020293146 1127397 37
0.00016166646 898147 38
0.0001757997 976665 33
0.00020240064 1124448 39
0.00046730844 2596158 38
9.994464e-05 555248 36
0.00015871338 881741 38
0.00045426996 2523722 31
0.00017677422 982079 42
0.00014902074 827893 42
0.0003819015 2121675 35
0.00021968351999999999 1220464 42
0.00021060324 1170018 48
0.00019936656 1107592 45
