0.00217579392 12087744 144
0.00239602266 13311237 153
0.0021218515199999998 11788064 134
0.00250104618 13894701 151
0.00250485048 13915836 151
0.00232928208 12940456 140
0.00228873726 12715207 154
0.00235154142 13064119 154
0.00250301646 13905647 129
0.00232314228 12906346 166
0.00228549222 12697179 139
0.00256348818 14241601 162
0.0023460237 13033465 158
0.00236064348 13114686 153
0.00255643146 14202397 128
0.0024541236 13634020 156
0.00231179292 12843294 152
0.00245720916 13651162 159
0.00242021862 13445659 156
0.00238772412 13265134 149
0.00233162892 12953494 134
0.00225653148 12536286 143
0.00229038408 12724356 154
0.00233686584 12982588 155
0.00192246876 10680382 131
0.00216082368 12004576 132
0.00258603912 14366884 121
0.00221844906 12324717 149
0.00209173734 11620763 150
0.00221530482 12307249 144
0.0020336268599999998 11297927 125
0.00215708634 11983813 147
0.00213909102 11883839 143
0.00243413334 13522963 142
0.00190775502 10598639 142
0.00212657076 11814282 144
0.0023173219799999998 12874011 158
0.0023007446999999998 12781915 148
0.00215030484 11946138 132
0.00242222256 13456792 162
0.00239494824 13305268 153
0.00217177164 12065398 158
0.0022379346 12432970 151
0.00204128118 11340451 135
0.00262853568 14602976 135
0.00229341006 12741167 139
0.00233183826 12954657 156
0.00236289438 13127191 154
0.0022216374 12342430 144
0.00253069848 14059436 150
0.00229226562 12734809 154
0.00243588114 13532673 142
0.00248977764 13832098 139
0.0022877316 12709620 136
0.00229916016 12773112 154
0.0022146795 12303775 147
0.00208068858 11559381 150
0.00299464722 16636929 119
0.00226586538 12588141 151
0.00255843684 14213538 157
0.00221292594 12294033 146
0.00218531862 12140659 144
0.00284937498 15829861 114
0.00238101048 13227836 163
0.0023501538 13056410 157
0.00211051368 11725076 154
0.00236301354 13127853 147
0.00223554996 12419722 157
0.00217944738 12108041 136
0.00218534382 12140799 147
0.00239774184 13320788 165
0.00241559208 13419956 164
0.00227059542 12614419 137
0.00211359222 11742179 145
0.00225503622 12527979 143
0.0023878962 13266090 156
0.00232728462 12929359 157
0.0021881376 12156320 144
0.00228276054 12682003 137
0.00261375408 14520856 170
0.00244035702 13557539 153
0.00236111148 13117286 144
0.00244153224 13564068 160
0.00270204966 15011387 140
0.00204386652 11354814 144
0.00205767054 11431503 128
0.00224498772 12472154 118
0.00190142064 10563448 136
0.0022785741 12658745 141
0.0023614236 13119020 147
0.00217013544 12056308 155
0.00191383254 10632403 131
0.00205429392 11412744 143
0.0021913515 12174175 136
0.00205270686 11403927 145
0.00194221134 10790063 135
0.00225858438 12547691 154
0.0024039007199999998 13355004 156
0.00244815372 13600854 144
0.00219811392 12211744 136
0.00235097658 13060981 152
0.0024754824 13752680 162
0.00231660288 12870016 160
0.00247333104 13740728 151
0.00252192024 14010668 144
0.00239760972 13320054 160
0.00260358894 14464383 145
0.00219204036 12178002 154
0.00218614104 12145228 152
0.00231549624 12863868 165
0.0026431833599999998 14684352 123
0.00243186948 13510386 146
0.00223758774 12431043 148
0.00238806774 13267043 165
0.00234412758 13022931 168
0.00222316254 12350903 156
0.00186187104 10343728 124
0.00224982414 12499023 126
0.00213470136 11859452 137
0.00237319992 13184444 159
0.0021197583 11776435 127
0.0024903702 13835390 143
0.00232440282 12913349 158
0.00246830166 13712787 159
0.00242653122 13480729 127
0.00253306602 14072589 151
0.00249548022 13863779 157
0.0023591394 13106330 148
0.00228013344 12667408 148
0.00242796546 13488697 154
0.00261765252 14542514 123
0.00228090492 12671694 150
0.00249828426 13879357 154
0.00229403232 12744624 153
0.00230885424 12826968 170
0.00244757124 13597618 147
0.0028864998 16036110 124
0.00232682346 12926797 157
0.00265563576 14753532 149
0.00251702568 13983476 136
0.00247120776 13728932 154
0.00242120844 13451158 147
0.00317396682 17633149 126
0.0023840991 13244995 163
0.0022084659 12269255 156
0.00237023586 13167977 152
0.00216972666 12054037 143
0.0023769234 13205130 151
0.00237797262 13210959 150
0.00227373696 12631872 160
0.0023580216 13100120 161
0.00225316368 12517576 163
0.00240291162 13349509 162
0.00249006024 13833668 140
0.0023343516 12968620 155
0.00214073532 11892974 153
0.00235858644 13103258 142
0.0022968243 12760135 164
0.00225890964 12549498 147
0.00257626062 14312559 170
0.00258526656 14362592 128
0.00220548672 12252704 157
0.00246566358 13698131 169
0.00206542548 11474586 157
0.0022715514 12619730 139
0.0025341417 14078565 149
0.0023271615 12928675 147
0.00230996952 12833164 122
0.00239882526 13326807 141
0.0022816413 12675785 135
0.00249236838 13846491 143
0.00241124904 13395828 160
0.0023795913599999998 13219952 142
0.00253980108 14110006 153
0.00242072784 13448488 164
0.00223288326 12404907 151
0.0024796728 13775960 156
0.0021472992 11929440 151
0.00237797694 13210983 161
0.00230083938 12782441 139
0.00233318142 12962119 152
0.002146977 11927650 152
0.00233129952 12951664 152
0.0020949282 11638490 149
0.00245563272 13642404 153
0.0024896808 13831560 152
0.00258115968 14339776 131
0.00206364744 11464708 136
0.00211723668 11762426 145
0.00224368992 12464944 153
0.00223207164 12400398 161
0.00237498426 13194357 157
0.00238428234 13246013 154
0.0022197627 12332015 155
0.00237385548 13188086 152
0.00217153476 12064082 148
0.00224678754 12482153 152
0.00249225174 13845843 179
0.00239727384 13318188 142
0.00214318818 11906601 142
0.0023180886 12878270 164
0.0023202927 12890515 152
0.00214418034 11912113 141
0.00233572212 12976234 148
0.0024079698 13377610 131
0.00213050052 11836114 142
0.00246536964 13696498 162
0.00247617144 13756508 111
0.00252820422 14045579 161
0.00222457608 12358756 142
0.00227217654 12623203 155
0.00239084208 13282456 148
0.0022571721 12539845 155
0.0024851664 13806480 155
0.00234704088 13039116 148
0.0024204735 13447075 156
0.00268792686 14932927 146
0.00232072704 12892928 169
0.00240447906 13358217 168
0.00226865322 12603629 170
0.00233802864 12989048 155
0.00225065934 12503663 152
0.00259074576 14393032 149
0.0025286373 14047985 160
0.00218549412 12141634 141
0.00239541102 13307839 159
0.0024172957799999998 13429421 151
0.00233945118 12996951 161
0.00261974052 14554114 138
0.00251810766 13989487 146
0.00249642576 13869032 158
0.00240073218 13337401 162
0.0027380547 15211415 129
0.0023695974 13164430 139
0.00207533412 11529634 136
0.00248723784 13817988 148
0.00251898012 13994334 153
0.0024874119 13818955 137
0.0022253535 12363075 148
0.00225459738 12525541 149
0.00245258928 13625496 157
0.00241250238 13402791 143
0.00241767486 13431527 171
0.00235124622 13062479 163
0.00222850116 12380562 162
0.00224507898 12472661 155
0.00239809194 13322733 167
0.00221024898 12279161 145
0.00214963218 11942401 106
0.0023875542 13264190 156
0.00242789148 13488286 149
0.0024116634 13398130 152
0.00231569568 12864976 136
0.0025620426 14233570 142
0.00245094498 13616361 163
0.00240877602 13382089 159
0.00226041876 12557882 158
0.00242723286 13484627 160
0.00232250148 12902786 162
0.00240000354 13333353 163
0.00238533984 13251888 165
0.0023398371 12999095 155
0.00244935324 13607518 159
0.00233277912 12959884 164
