0.0006644573999999999 3691430 94
0.00067534776 3751932 87
0.00073645974 4091443 92
0.00065564928 3642496 89
0.00067922172 3773454 85
0.00067943898 3774661 85
0.00071214732 3956374 93
0.0006987708 3882060 85
0.00074824956 4156942 97
0.00087513408 4861856 105
0.0008158481999999999 4532490 103
0.00079559154 4419953 105
0.00074591604 4143978 101
0.00077021964 4278998 101
0.00067999662 3777759 87
0.00065231388 3623966 82
0.00056827656 3157092 73
0.00065251512 3625084 73
0.00079491996 4416222 98
0.00070416594 3912033 81
0.00064477998 3582111 83
0.00074660058 4147781 88
0.00074199114 4122173 95
0.0006910848 3839360 95
0.00072707832 4039324 97
0.0006082416 3379120 84
0.0006176925 3431625 84
0.00074954394 4164133 92
0.00073489194 4082733 93
0.0006420744 3567080 79
0.00073762902 4097939 94
0.00068394834 3799713 93
0.00069552864 3864048 91
0.0007576893 4209385 97
0.00064699398 3594411 88
0.00075828114 4212673 97
0.00071482608 3971256 95
0.0006963075 3868375 95
0.00080546976 4474832 102
0.00073849698 4102761 98
0.00074300868 4127826 98
0.0007239474 4021930 97
0.00071205318 3955851 91
0.00061330428 3407246 83
0.0006199605 3444225 78
0.00046995282 2610849 70
0.00073505988 4083666 88
0.00073162368 4064576 98
0.00082350036 4575002 105
0.00069668784 3870488 91
0.0007011675 3895375 85
0.00070625304 3923628 96
0.00074910798 4161711 94
0.00080530254 4473903 105
0.00073911312 4106184 101
0.00067719636 3762202 89
0.00070645842 3924769 94
0.00071847612 3991534 94
0.00082638846 4591047 109
0.00082460178 4581121 104
0.00079205598 4400311 106
0.00081159192 4508844 106
0.00074218356 4123242 94
0.00067408938 3744941 92
0.00064633428 3590746 79
0.00055234116 3068562 70
0.00065278494 3626583 82
0.00047051946 2613997 60
0.00063032814 3501823 76
0.00061183296 3399072 76
0.00070533144 3918508 92
0.0006771042 3761690 88
0.00070944912 3941384 90
0.00069260076 3847782 87
0.00070627932 3923774 87
0.00061604316 3422462 79
0.00067073958 3726331 87
0.0006064709399999999 3369283 79
0.0006836661 3798145 84
0.000608877 3382650 82
0.00054680436 3037802 76
0.000536472 2980400 79
0.00051683886 2871327 75
0.00064906974 3605943 83
0.00059910822 3328379 84
0.00059456268 3303126 80
0.00062741754 3485653 88
0.00057271032 3181724 77
0.0005590989 3106105 82
0.00057498282 3194349 81
0.00054981882 3054549 76
0.00064298142 3572119 87
0.0006016851 3342695 85
0.00054012348 3000686 78
0.00063020304 3501128 85
0.00057747834 3208213 82
0.00052963362 2942409 77
0.00052034238 2890791 79
0.00053211492 2956194 78
0.00056037312 3113184 81
0.0005691691799999999 3162051 78
0.00049316022 2739779 73
0.00051045984 2835888 74
0.00054604062 3033559 73
0.0005660487 3144715 79
0.0005747265 3192925 80
0.00054698634 3038813 81
0.00056502306 3139017 80
0.00060407028 3355946 81
0.00051007356 2833742 75
0.0006286697999999999 3492610 75
0.0005858802 3254890 73
0.00066993822 3721879 84
0.00062309196 3461622 78
0.00066380022 3687779 85
0.00056984994 3165833 82
0.00044346258 2463681 68
0.00048669138 2703841 69
0.00052427016 2912612 78
0.00063285498 3515861 85
0.00062320608 3462256 84
0.00066248964 3680498 87
0.00064472256 3581792 81
0.0006551316 3639620 83
0.0006409188 3560660 74
0.0006562638 3645910 87
0.0005084865 2824925 72
0.00060089166 3338287 76
0.00063407214 3522623 87
0.00058413132 3245174 77
0.00055052856 3058492 71
0.00067815558 3767531 87
0.00061948422 3441579 87
0.00056856636 3158702 70
0.00062577126 3476507 83
0.00062907228 3494846 86
0.00060248376 3347132 80
0.00052322256 2906792 74
0.00051334128 2851896 71
0.00057027492 3168194 73
0.00052391052 2910614 75
0.00056080278 3115571 74
0.00063745308 3541406 76
0.00054906534 3050363 76
0.0005947893 3304385 80
0.00056779074 3154393 76
0.00058911336 3272852 79
0.00066021156 3667842 85
0.00069628338 3868241 87
0.00047414232 2634124 66
0.0005612482799999999 3118046 82
0.00057647178 3202621 75
0.00064810818 3600601 81
0.00061712622 3428479 84
0.00063154836 3508602 87
0.00059756598 3319811 77
0.00058093758 3227431 76
0.00050969916 2831662 72
0.00065121444 3617858 91
0.00077716476 4317582 101
0.00069622362 3867909 84
0.00067513302 3750739 86
0.00070207506 3900417 90
0.00067693086 3760727 87
0.00075411828 4189546 100
0.00077876262 4326459 104
0.00080752392 4486244 104
0.00073998486 4111027 99
0.00078169824 4342768 98
0.00052491924 2916218 68
0.00076904406 4272467 93
0.00073476702 4082039 97
0.00070322742 3906819 95
0.00077099958 4283331 96
0.00077904234 4328013 103
0.0007632331199999999 4240184 101
0.00064822734 3601263 86
0.00075772134 4209563 100
0.0007378043399999999 4098913 96
0.0007670421 4261345 101
0.00070050204 3891678 92
0.00047096622 2616479 61
0.00063412146 3522897 79
0.00070414686 3911927 93
0.00075835944 4213108 96
0.00077963364 4331298 101
0.00082120176 4562232 104
0.00074655576 4147532 102
0.00078412446 4356247 102
0.00079891056 4438392 106
0.00066124872 3673604 93
0.00069722262 3873459 92
0.00047800458 2655581 70
0.00058894398 3271911 73
0.0006162938999999999 3423855 85
0.00058506678 3250371 71
0.00064968894 3609383 86
0.00074499966 4138887 98
0.00071946486 3997027 92
0.00073330092 4073894 95
0.000719604 3997800 89
0.00068830542 3823919 92
0.00074298978 4127721 96
0.000715446 3974700 96
0.00068046498 3780361 83
0.00071755794 3986433 97
0.0007269489 4038605 90
0.00075416328 4189796 99
0.00076684086 4260227 99
0.00077740056 4318892 104
0.00083025774 4612543 105
0.00079819416 4434412 103
0.00078483582 4360199 102
0.00079588638 4421591 107
0.00069907446 3883747 95
0.00058678488 3259916 80
0.00074261556 4125642 90
0.00072942678 4052371 94
0.00073296576 4072032 95
0.0008052678 4473710 103
0.0007901775 4389875 103
0.00076447998 4247111 101
0.00080624178 4479121 99
0.00079781922 4432329 102
0.0007790085 4327825 100
0.00071401446 3966747 90
0.00078798942 4377719 102
0.00067366926 3742607 85
0.00059761224 3320068 86
0.00059954562 3330809 83
0.00060672636 3370702 84
0.00063718794 3539933 83
0.00062627328 3479296 85
0.00062645904 3480328 84
0.00065985606 3665867 85
0.00061114338 3395241 82
0.0006137937 3409965 83
0.00057193038 3177391 80
0.00063583614 3532423 86
0.00063151326 3508407 87
0.0006109812 3394340 83
0.0006447717 3582065 84
0.00057635532 3201974 83
0.0005050836 2806020 72
0.0005923584 3290880 82
0.0006017454 3343030 80
0.00057363984 3186888 81
0.00054198846 3011047 79
0.0005913351 3285195 83
0.0005960961 3311645 84
0.00062699778 3483321 84
0.00057744936 3208052 85
0.0005897763 3276535 80
0.00061622244 3423458 76
0.00059659038 3314391 85
0.00070920666 3940037 90
0.00062361486 3464527 84
0.00060102324 3339018 81
0.00064258812 3569934 88
0.00056198646 3122147 81
0.00058817142 3267619 80
0.00064795626 3599757 87
0.00063516294 3528683 82
0.0005790357 3216865 78
0.00056566188 3142566 76
0.00060921162 3384509 77
0.0006249177 3471765 84
0.00066408408 3689356 87
0.00065269548 3626086 87
0.00066287448 3682636 83
0.0006129072 3405040 82
0.00059365926 3298107 74
0.00065927808 3662656 88
0.0006204691799999999 3447051 83
0.00067111326 3728407 92
0.00067905468 3772526 91
0.00069494274 3860793 89
0.00065343006 3630167 89
0.00061540398 3418911 85
0.00065587158 3643731 88
0.00064605888 3589216 88
0.00051282594 2849033 74
0.00057444588 3191366 71
0.00052834842 2935269 78
0.0005536044 3075580 73
0.00060976836 3387602 77
0.0004950648 2750360 75
0.00065301534 3627863 82
0.00059880762 3326709 80
0.0005906969999999999 3281650 81
0.00058727268 3262626 74
0.00059807772 3322654 78
0.00059713632 3317424 76
0.0005766336 3203520 74
0.00057002832 3166824 82
0.00061636698 3424261 80
0.00058073958 3226331 82
0.00056874978 3159721 78
0.0005273208 2929560 73
0.0004857813 2698785 66
0.00054501102 3027839 67
0.00058229406 3234967 78
0.00070990362 3943909 90
0.0005860215 3255675 82
0.00052895124 2938618 76
0.00071332866 3962937 83
0.00068550516 3808362 91
0.00072064296 4003572 95
0.00061987662 3443759 75
0.00057955428 3219746 85
0.00064879344 3604408 81
0.00069147378 3841521 90
0.00074594628 4144146 99
0.0006371586 3539770 85
0.00074080296 4115572 92
0.00062096328 3449796 83
0.0005565861 3092145 79
0.0007333479 4074155 77
0.00046791162 2599509 69
0.0005611455 3117475 74
0.00060355674 3353093 76
0.00059577948 3309886 78
0.00062179452 3454414 84
0.00072945522 4052529 88
0.00072768096 4042672 92
0.00074475558 4137531 89
0.00072128772 4007154 98
0.00065666538 3648141 92
0.00070454376 3914132 91
0.0005620584599999999 3122547 67
0.0005989932 3327740 81
0.00067588146 3754897 87
0.00063975276 3554182 82
0.00072620802 4034489 86
0.00064862136 3603452 84
0.00077464764 4303598 97
0.00075150432 4175024 96
0.00077714442 4317469 95
0.00074318364 4128798 98
0.00080366886 4464827 106
0.00073482984 4082388 93
0.00062811396 3489522 78
0.00056772828 3154046 83
0.00075384396 4188022 92
0.00064345086 3574727 90
0.00073710738 4095041 94
0.00077937984 4329888 104
0.00079588746 4421597 100
0.00070898112 3938784 95
0.0007037532 3909740 92
0.00067148532 3730474 84
0.00075158028 4175446 98
0.00071786538 3988141 93
0.0006664815 3702675 91
0.00069272946 3848497 99
0.00063502668 3527926 89
0.0006699618 3722010 88
0.00072628686 4034927 93
0.00059827662 3323759 78
0.00061710084 3428338 79
0.00074501046 4138947 96
0.00076515498 4250861 95
0.00064955484 3608638 88
0.0006474528 3596960 88
0.00064658772 3592154 84
0.0007104258 3946810 90
0.00061737858 3429881 80
0.00061277796 3404322 73
0.00060690546 3371697 81
0.000719775 3998750 89
0.00065793042 3655169 89
0.00056033568 3112976 77
0.00061082154 3393453 87
0.00064991268 3610626 84
0.00059253696 3291872 73
0.00054907002 3050389 71
0.0006598557 3665865 76
0.00066273354 3681853 80
0.0006451659 3584255 82
0.00064888956 3604942 81
0.00061983126 3443507 87
0.00065274264 3626348 80
0.0006136542 3409190 78
0.000677889 3766050 83
0.0006569150399999999 3649528 83
0.00065439558 3635531 89
0.00060631326 3368407 81
0.00058279338 3237741 80
0.00060770646 3376147 84
0.00061705926 3428107 84
0.00062114364 3450798 80
0.00050998554 2833253 71
0.0005835465 3241925 79
0.0005552964 3084980 73
0.00060313824 3350768 83
0.00057830292 3212794 79
0.00053294004 2960778 74
0.00054365238 3020291 76
0.00059479884 3304438 74
0.00066954672 3719704 85
0.00062499132 3472174 78
0.00058758912 3264384 81
0.00053438238 2968791 76
0.0005893047 3273915 82
0.00057579822 3198879 77
0.00053689572 2982754 73
0.00056425248 3134736 76
0.00047962026 2664557 72
0.00061338168 3407676 81
0.00061770474 3431693 88
0.0005077008 2820560 72
0.00053061552 2947864 73
0.00056298186 3127677 77
0.00055405476 3078082 78
0.00065864628 3659146 87
0.00072380826 4021157 90
0.00057776544 3209808 81
0.00068484798 3804711 87
0.00069484698 3860261 92
0.00068610384 3811688 90
0.00068188104 3788228 93
0.00067091418 3727301 89
0.00063428382 3523799 83
0.0006803505 3779725 85
0.00063270684 3515038 84
0.00068676822 3815379 87
0.00067345452 3741414 91
0.00062872668 3492926 81
0.00066024216 3668012 86
0.0006278985 3488325 87
0.00069581178 3865621 93
0.00062337114 3463173 87
0.00071251632 3958424 93
0.00063660222 3536679 85
0.00066002634 3666813 82
0.00061292988 3405166 82
0.00067858434 3769913 92
0.00070380666 3910037 94
0.00057146004 3174778 74
0.00052873956 2937442 72
0.00050809284 2822738 68
0.00052462242 2914569 75
0.0005180049 2877805 70
0.00062781786 3487877 81
0.00060867972 3381554 74
0.0005769927 3205515 69
0.0004781709 2656505 63
0.00053234982 2957499 67
0.00052913178 2939621 69
0.0005721552 3178640 77
0.0005149701 2860945 71
0.00054802224 3044568 75
0.00056130822 3118379 72
0.0005858289 3254605 70
0.00061360002 3408889 75
0.00058927158 3273731 74
0.00056053566 3114087 72
0.0005082327 2823515 70
0.00065063574 3614643 81
0.0005330439 2961355 77
0.00053924076 2995782 74
0.00059190318 3288351 72
0.00060879888 3382216 79
0.00060152238 3341791 82
0.0005827392 3237440 75
0.00060342984 3352388 78
0.00049496832 2749824 71
0.00071919612 3995534 96
0.00066397248 3688736 81
0.00066878766 3715487 80
0.00066220632 3678924 86
0.00071371656 3965092 90
0.00068624964 3812498 79
0.0007580829599999999 4211572 97
0.00075421692 4190094 99
0.000752472 4180400 98
0.00076341618 4241201 98
0.00068775804 3820878 94
0.00066341952 3685664 87
0.00067577778 3754321 82
0.0007363188 4090660 90
0.0005524614 3069230 61
0.00048742794 2707933 66
0.00045351594 2519533 61
0.00066775788 3709766 80
0.0006083631 3379795 80
0.00060311898 3350661 76
0.0006328503 3515835 85
0.00073616364 4089798 96
0.0006768612 3760340 80
0.00069279336 3848852 86
0.00056974392 3165244 77
0.0006551046 3639470 88
0.00054746172 3041454 68
0.0006469137 3593965 81
0.00059934618 3329701 79
0.00060924024 3384668 84
0.00069461442 3858969 82
0.00067618386 3756577 88
0.00073316898 4073161 93
0.00075630816 4201712 90
0.0007799691599999999 4333162 104
0.00062400114 3466673 86
0.00064402506 3577917 84
0.0007070463 3928035 86
0.00054963216 3053512 77
0.00060133248 3340736 71
0.00063028872 3501604 79
0.00038473182 2137399 64
0.00053700246 2983347 69
0.0007580538 4211410 91
0.00070767198 3931511 95
0.00059278212 3293234 78
0.00074064132 4114674 94
0.00071423874 3967993 91
0.00066232764 3679598 84
0.00065987028 3665946 93
0.00054363852 3020214 76
0.00052831674 2935093 69
0.0005304097799999999 2946721 71
0.00068087376 3782632 91
0.0006444621 3580345 88
0.00070514082 3917449 91
0.00061070526 3392807 86
0.00073140498 4063361 87
0.00068305554 3794753 92
0.00071386866 3965937 92
0.0007978419 4432455 104
0.00072492858 4027381 103
0.0007092855 3940475 89
0.00074093904 4116328 93
0.00074038842 4113269 96
0.0005282118 2934510 75
0.0005463026999999999 3035015 76
0.00064111752 3561764 83
0.00059671422 3315079 76
0.00076078044 4226558 96
0.00068999868 3833326 95
0.00077815062 4323059 97
0.00067455612 3747534 94
0.00072241902 4013439 98
0.00073901826 4105657 97
0.00070367904 3909328 92
0.00069526062 3862559 91
0.00065941848 3663436 79
0.00062958402 3497689 82
0.0005615082 3119490 77
0.00056060766 3114487 74
0.0005365200599999999 2980667 70
0.0006203997 3446665 82
0.00057900852 3216714 77
0.00053292582 2960699 79
0.00057070188 3170566 76
0.00053972658 2998481 74
0.00051306588 2850366 69
0.00048070062 2670559 70
0.00056455668 3136426 73
0.0005549085 3082825 76
0.00064077084 3559838 81
0.00059861016 3325612 76
0.00055106964 3061498 78
0.00059725206 3318067 75
0.00054332874 3018493 81
0.0006010410599999999 3339117 82
0.00054641646 3035647 73
0.00050695848 2816436 68
0.00053534304 2974128 78
0.00055851516 3102862 76
0.00050166468 2787026 70
0.00057785634 3210313 73
0.00054934902 3051939 80
0.00058546242 3252569 78
0.0006003225 3335125 80
0.00075088728 4171596 97
0.00074348964 4130498 98
0.0006076404 3375780 80
0.00060404742 3355819 77
0.00057827952 3212664 76
0.0006390315 3550175 82
0.00074273598 4126311 93
0.00072112482 4006249 99
0.00072693738 4038541 94
0.00062497062 3472059 90
0.0006742528199999999 3745849 88
0.000681183 3784350 88
0.0007014391199999999 3896884 94
0.00066417768 3689876 87
0.0007062003 3923335 98
0.00079588602 4421589 98
0.00070439634 3913313 95
0.00064787904 3599328 89
0.00071968104 3998228 95
0.00071384778 3965821 99
0.00066337218 3685401 87
0.00069086412 3838134 93
0.00060847686 3380427 81
0.00057297132 3183174 75
0.00058015782 3223099 79
0.0005954238 3307910 82
0.00052804476 2933582 75
0.00055886166 3104787 76
0.00056330748 3129486 75
0.00058284396 3238022 82
0.00061079976 3393332 76
0.00057755844 3208658 81
0.00061774668 3431926 85
0.00062056512 3447584 76
0.0006122394 3401330 82
0.00061686468 3427026 79
0.00060618942 3367719 78
0.00058129182 3229399 77
0.000735786 4087700 88
0.00056347218 3130401 84
0.00058925232 3273624 82
0.00060455178 3358621 80
0.00059215302 3289739 77
0.00060041196 3335622 76
0.00059450634 3302813 80
0.00066141288 3674516 88
0.00054714492 3039694 80
0.00062353746 3464097 80
0.00073472058 4081781 91
0.00076338666 4241037 102
0.0007467561 4148645 93
0.0007010384399999999 3894658 100
0.00073567386 4087077 97
0.00067220244 3734458 90
0.00074373336 4131852 95
0.00077088402 4282689 101
0.00057828384 3212688 65
0.00066954654 3719703 82
0.00079605918 4422551 96
0.00075011436 4167302 101
0.00061365204 3409178 86
0.00071540892 3974494 87
0.00066684168 3704676 88
0.000599904 3332800 74
0.00043639325999999997 2424407 54
0.00055531152 3085064 71
0.00060421356 3356742 74
0.00056586654 3143703 81
0.00072943488 4052416 84
0.0007567074 4203930 100
0.00076643982 4257999 92
0.00069188598 3843811 93
0.00063914004 3550778 87
0.00065596194 3644233 86
0.00075287682 4182649 97
0.00067480092 3748894 92
0.00069124752 3840264 88
0.00067255272 3736404 87
0.0006813615599999999 3785342 86
0.00060725934 3373663 82
0.00065648988 3647166 86
0.00061447878 3413771 76
0.00058485672 3249204 76
0.00064512954 3584053 85
0.00062641476 3480082 80
0.00057912228 3217346 81
0.00065879604 3659978 79
0.00067620852 3756714 88
0.0007478217 4154565 98
0.00069477174 3859843 89
0.00073841274 4102293 96
0.00074261682 4125649 99
0.00072306774 4017043 96
0.00064668906 3592717 84
0.0006586929 3659405 92
0.00066353364 3686298 82
0.0006624891 3680495 91
0.00067192668 3732926 90
0.00071084682 3949149 85
0.00064637118 3590951 83
0.000772065 4289250 95
0.0007011657 3895365 98
0.0007058835 3921575 95
0.00070678602 3926589 89
0.00067080852 3726714 82
0.00060928128 3384896 78
0.00058959468 3275526 74
0.0005968692 3315940 84
0.00045930582 2551699 58
0.000554364 3079800 72
0.00069264306 3848017 78
0.0006164841599999999 3424912 81
0.00074879838 4159991 89
0.0007754153399999999 4307863 98
0.00066482982 3693499 93
0.00058424508 3245806 80
0.0004946443199999999 2748024 66
0.00063461628 3525646 89
0.00060930486 3385027 84
0.0006371694 3539830 83
0.00061487856 3415992 81
0.00051840828 2880046 73
0.00050557356 2808742 72
0.0005970204 3316780 83
0.00066809034 3711613 87
0.00058447008 3247056 81
0.0006639777 3688765 89
0.00062784018 3488001 85
0.00058333284 3240738 81
0.00053547606 2974867 74
0.00062850996 3491722 82
0.00058980672 3276704 79
0.00052609788 2922766 76
0.00061242282 3402349 83
0.00055650276 3091682 78
0.00062443404 3469078 84
0.0006080175 3377875 88
0.0006036618599999999 3353677 79
0.00057065778 3170321 81
0.00054194364 3010798 78
0.00061444008 3413556 80
0.00056025558 3112531 82
0.00052300206 2905567 77
0.00056655594 3147533 75
0.00066428388 3690466 87
0.00068796306 3822017 83
0.00061639884 3424438 79
0.00060560046 3364447 77
0.0006023052 3346140 77
0.0006482961 3601645 84
0.00047381706 2632317 64
0.00052106274 2894793 65
0.00063776952 3543164 76
0.00053615394 2978633 72
0.00059466528 3303696 79
0.00055120626 3062257 74
0.0005292945 2940525 72
0.0005526946799999999 3070526 75
0.0004571757 2539865 64
0.00061425216 3412512 72
0.0006040008 3355560 83
0.00054587592 3032644 77
0.00059152302 3286239 75
0.00060039864 3335548 80
0.00063065394 3503633 80
0.00057681306 3204517 80
0.00054401346 3022297 72
0.0005270722199999999 2928179 77
0.00051776424 2876468 69
0.00056353752 3130764 71
0.00054863766 3047987 75
0.00058353282 3241849 74
0.0006263793 3479885 81
0.00045789156 2543842 66
0.00057075444 3170858 76
0.00057525624 3195868 75
0.00059712786 3317377 79
0.00059724576 3318032 74
0.000616626 3425700 79
0.00061759476 3431082 81
0.00067444578 3746921 85
0.00055390536 3077252 76
0.00067538682 3752149 84
0.00057114414 3173023 74
0.00059574276 3309682 78
0.00054259272 3014404 73
0.00059941548 3330086 76
0.00053075358 2948631 72
0.00051591636 2866202 71
0.00048458106 2692117 67
0.00066778884 3709938 88
0.00069255666 3847537 95
0.0007199208 3999560 95
0.0005800840199999999 3222689 82
0.00065305638 3628091 82
0.00065074212 3615234 85
0.00065570742 3642819 84
0.00067714686 3761927 88
0.00071135802 3951989 92
0.00069917436 3884302 95
0.00071203158 3955731 98
0.00065314908 3628606 85
0.00056290482 3127249 79
0.00059604696 3311372 79
0.00073170684 4065038 95
0.0007577433 4209685 98
0.00061271226 3403957 86
0.00064441818 3580101 84
0.00067663008 3759056 87
0.00076921452 4273414 100
0.00076784778 4265821 102
0.00072557316 4030962 97
0.00067292568 3738476 86
0.00045454842 2525269 67
0.0006291477 3495265 77
0.00066675222 3704179 91
0.00032910048 1828336 31
0.00032131944 1785108 43
0.00021527604 1195978 28
0.00051304446 2850247 60
0.00050451408 2802856 73
0.0006262190999999999 3478995 81
0.00067721958 3762331 82
0.00060306336 3350352 84
0.00063480996 3526722 81
0.00054499752 3027764 70
0.00062893746 3494097 79
0.00066338766 3685487 79
0.00070820118 3934451 84
0.0006866217 3814565 93
0.00068906574 3828143 90
0.00072175716 4009762 91
0.0007126785 3959325 93
0.0006335955 3519975 76
0.00067486986 3749277 86
0.00066363408 3686856 87
0.00070103664 3894648 92
0.0007086137399999999 3936743 92
0.00067512366 3750687 92
0.00068070528 3781696 89
0.0006180587999999999 3433660 78
0.00065886426 3660357 86
0.00064398294 3577683 81
0.00072228708 4012706 91
0.00073021644 4056758 93
0.00076243536 4235752 100
0.00064408716 3578262 89
0.000545778 3032100 77
0.00051859116 2881062 68
0.00050238936 2791052 68
0.00053894286 2994127 60
0.00056680416 3148912 64
0.00053935146 2996397 74
0.00037598436 2088802 56
0.0003780189 2100105 46
0.00044158302 2453239 55
0.00056521548 3140086 71
0.00068029326 3779407 84
0.00070628076 3923782 90
0.00062673282 3481849 87
0.0005686695 3159275 66
0.0006914061 3841145 81
0.00070674174 3926343 91
0.0006955043399999999 3863913 90
0.00061407306 3411517 84
0.00068635224 3813068 87
0.0005781555 3211975 83
0.00054649728 3036096 75
0.00053657568 2980976 78
0.00056698344 3149908 81
0.00053793 2988500 78
0.0005880159 3266755 79
0.00060091326 3338407 85
0.00061552368 3419576 84
0.00066429666 3690537 92
0.000651897 3621650 90
0.00051094368 2838576 79
0.00051939558 2885531 79
0.00067767912 3764884 91
0.00063976698 3554261 88
0.00070988076 3943782 95
0.00067283172 3737954 88
0.00064474182 3581899 87
0.00055461168 3081176 84
0.00053657694 2980983 77
0.00057949434 3219413 84
0.00063923454 3551303 89
0.00069468246 3859347 89
0.00060190668 3343926 87
0.00060178752 3343264 82
0.00060555672 3364204 86
0.0005922126 3290070 76
0.00064620666 3590037 87
0.0006321789 3512105 81
0.0006734016 3741120 88
0.00068308794 3794933 86
0.00062158392 3453244 77
0.00064478214 3582123 84
0.00058034286 3224127 78
0.0005856363 3253535 76
0.00061684218 3426901 81
0.00059873634 3326313 82
0.0005847282 3248490 75
0.00061551432 3419524 82
0.0006368886 3538270 84
0.0005080815 2822675 66
0.00059120226 3284457 79
0.00059703606 3316867 80
0.0005814556199999999 3230309 75
0.00062462574 3470143 77
0.00063316098 3517561 81
0.00049586076 2754782 66
0.0006100785 3389325 78
0.00057836232 3213124 77
0.00056770416 3153912 78
0.00055580166 3087787 71
0.00052144002 2896889 71
0.0005975845199999999 3319914 71
0.00050397408 2799856 70
0.00055761264 3097848 72
0.00062638758 3479931 80
0.0005669947799999999 3149971 79
0.00057581478 3198971 75
0.0005526864 3070480 73
0.00058104 3228000 77
0.00056571552 3142864 79
0.0005692284 3162380 77
0.00060698484 3372138 79
0.00063169164 3509398 82
0.00066310362 3683909 85
0.00063083106 3504617 83
0.00057636 3202000 77
0.00060046398 3335911 74
0.00057332466 3185137 80
0.00073323522 4073529 90
0.000736758 4093100 100
0.00070703784 3927988 95
0.0007550049599999999 4194472 101
0.00076512276 4250682 102
0.0007661907 4256615 96
0.0007979508 4433060 102
0.0007090551 3939195 96
0.0007049052 3916140 93
0.00071977482 3998749 98
0.00079322436 4406802 103
0.00075182148 4176786 100
0.0005658822 3143790 76
0.00074636658 4146481 96
0.00076338936 4241052 96
0.00080506296 4472572 105
0.00077809194 4322733 102
0.00071751906 3986217 96
0.0007580655 4211475 102
0.0007860814199999999 4367119 101
0.00076367556 4242642 102
0.00070494246 3916347 89
0.00071126316 3951462 86
0.00060005232 3333624 80
0.0006929892 3849940 83
0.00073886994 4104833 97
0.00075968568 4220476 98
0.00072710244 4039458 98
0.00079702686 4427927 105
0.00081144864 4508048 107
0.00077556834 4308713 103
0.0007583643 4213135 99
0.00069572448 3865136 96
0.0007236675 4020375 92
0.00076080204 4226678 99
0.00038948472 2163804 62
0.00059768244 3320458 78
0.00062659782 3481099 78
0.00074412666 4134037 96
0.00079765218 4431401 107
0.00075295566 4183087 99
0.0007996824 4442680 101
0.00078465942 4359219 102
0.00074359188 4131066 96
0.0007592157 4217865 99
0.00076696002 4260889 96
0.00072509634 4028313 92
0.00065986776 3665932 91
0.00069368274 3853793 90
0.00067607154 3755953 88
0.00075888936 4216052 101
0.00077804118 4322451 100
0.000725256 4029200 95
0.00077770746 4320597 99
0.0007599303 4221835 100
0.00077399406 4299967 102
0.00080444142 4469119 102
0.00076243752 4235764 100
0.0007377291 4098495 95
0.00079588746 4421597 99
0.00077735772 4318654 103
0.00076281066 4237837 101
0.000472914 2627300 64
0.0004379301 2432945 61
0.00064495998 3583111 87
0.0006082173 3378985 80
0.00066034836 3668602 86
0.00072381096 4021172 89
0.00065808288 3656016 79
0.0007384887 4102715 94
0.0007743744 4302080 97
0.00076218714 4234373 107
0.00081945738 4552541 106
0.0007518501 4176945 101
0.00077494104 4305228 97
0.00077839884 4324438 103
0.0007973298 4429610 103
0.00066242394 3680133 82
0.0006027857999999999 3348810 78
0.0005675859 3153255 82
0.00057468888 3192716 84
0.00060164874 3342493 83
0.00058961664 3275648 82
0.00059239926 3291107 83
0.00066504006 3694667 89
0.00062357688 3464316 87
0.00063340488 3518916 85
0.00068240862 3791159 93
0.00065264418 3625801 91
0.00060692832 3371824 81
0.00061114986 3395277 83
0.00062705826 3483657 87
0.000625689 3476050 87
0.00055319742 3073319 82
0.00052320474 2906693 80
0.00054652518 3036251 83
0.00053268264 2959348 77
0.00056226042 3123669 78
0.00056035926 3113107 81
0.00054865692 3048094 79
0.00053201016 2955612 76
0.00056957868 3164326 83
0.00056513808 3139656 81
0.0006484842 3602690 84
0.0005864209199999999 3257894 80
0.00068088186 3782677 89
0.0006805125 3780625 90
0.0006497253 3609585 87
0.00069373188 3854066 87
0.00068247036 3791502 91
0.00066380508 3687806 87
0.0006767438399999999 3759688 85
0.00062583696 3476872 82
0.0006484932 3602740 81
0.00063217602 3512089 80
0.00065651238 3647291 85
0.00062973162 3498509 87
0.00062190288 3455016 85
0.00067593258 3755181 86
0.00065514906 3639717 86
0.00066958578 3719921 83
0.00065677896 3648772 87
0.0006234453 3463585 82
0.00059381478 3298971 84
0.0005338938599999999 2966077 73
0.00053067096 2948172 71
0.0005773132799999999 3207296 70
0.00059463288 3303516 80
0.00055329372 3073854 75
0.0005681502 3156390 74
0.00053838954 2991053 72
0.00054064314 3003573 72
0.00049653684 2758538 68
0.00055889388 3104966 78
0.00055628802 3090489 70
0.00059204502 3289139 78
0.00056306718 3128151 72
0.0005650218 3139010 75
0.00050925528 2829196 72
0.0005561046 3089470 79
0.0005735493 3186385 76
0.00048458214 2692123 72
0.00056579526 3143307 71
0.00058980294 3276683 78
0.00056054448 3114136 73
0.00049049892 2724994 62
0.00057753252 3208514 73
0.00071948268 3997126 97
0.00067863348 3770186 87
0.00069636888 3868716 89
0.00065587716 3643762 88
0.00066673512 3704084 86
0.0006860043 3811135 78
0.00067397778 3744321 91
0.0006997347 3887415 85
0.0006793828199999999 3774349 85
0.00071541324 3974518 94
0.00072071298 4003961 96
0.00057596652 3199814 85
0.00063281628 3515646 79
0.0007929297 4405165 95
0.00070028892 3890494 93
0.00061657902 3425439 80
0.00070724934 3929163 83
0.00066681036 3704502 85
0.00074215116 4123062 93
0.00064427076 3579282 87
0.0006719517 3733065 90
0.0005013459 2785255 70
0.00058273416 3237412 73
0.00074220984 4123388 87
0.00073218852 4067714 95
0.00074162934 4120163 95
0.00076136382 4229799 103
0.00077860224 4325568 102
0.00079539408 4418856 105
0.00074115072 4117504 99
0.00078200964 4344498 103
0.00071205192 3955844 96
0.00076457574 4247643 97
0.00084168918 4676051 110
0.00081493236 4527402 107
0.00080030376 4446132 106
0.0007878078 4376710 102
0.00075564684 4198038 100
0.00042130674 2340593 61
0.00057713112 3206284 69
0.00061629732 3423874 76
0.0006689439 3716355 88
0.00076432752 4246264 100
0.00075098034 4172113 97
0.00076321746 4240097 95
0.00070718598 3928811 98
0.00065990052 3666114 86
0.0008132327999999999 4517960 100
0.0007585632 4214240 98
0.00073995102 4110839 96
0.00079489602 4416089 107
0.00056306592 3128144 82
0.00063548226 3530457 86
0.00072376542 4020919 93
0.00077585346 4310297 101
0.00078540156 4363342 106
0.00081269226 4514957 106
0.000774297 4301650 105
0.00069952644 3886258 97
0.00079272108 4404006 98
0.00078254406 4347467 100
0.00066603366 3700187 92
0.00075516912 4195384 96
0.00079146774 4397043 104
0.00076740912 4263384 99
0.00079500114 4416673 105
0.0008085663 4492035 107
0.00076150152 4230564 106
0.0007677815399999999 4265453 99
0.0007765659 4314255 100
0.00072827154 4045953 97
0.00064850832 3602824 84
0.00068753592 3819644 91
0.00080049186 4447177 103
0.00084624714 4701373 108
0.0007797130199999999 4331739 101
0.0007446279599999999 4136822 96
0.00080681922 4482329 104
0.00066916188 3717566 88
0.00057062646 3170147 79
0.0006179679 3433155 78
0.00062732016 3485112 81
0.00058690098 3260561 78
0.000548118 3045100 79
0.00051410106 2856117 74
0.000579339 3218550 81
0.00063450702 3525039 84
0.00057670794 3203933 79
0.00055260144 3070008 75
0.00060979644 3387758 81
0.00053355024 2964168 73
0.00060240276 3346682 80
0.00060420114 3356673 81
0.00055320318 3073351 79
0.00057423204 3190178 85
0.00060757218 3375401 80
0.00054118962 3006609 80
0.00053173962 2954109 78
0.00048266784 2681488 69
0.00052447284 2913738 74
0.00062774028 3487446 79
0.00052824546 2934697 80
0.00056689074 3149393 75
0.00059453028 3302946 78
0.00071454222 3969679 94
0.00066129678 3673871 88
0.00060469758 3359431 82
0.00067472244 3748458 82
0.00055444266 3080237 81
0.0005756909399999999 3198283 75
0.00061266942 3403719 75
0.0006441399 3578555 85
0.0006150195 3416775 81
0.00062884278 3493571 79
0.00054426924 3023718 79
0.0006579126 3655070 83
0.00067169988 3731666 83
0.00063931068 3551726 88
0.00065838564 3657698 87
0.00061002288 3389016 82
0.00061520436 3417802 81
0.0005811741 3228745 78
0.00061695882 3427549 83
0.00062870202 3492789 81
0.00061241868 3402326 81
0.00061462962 3414609 76
0.00059962104 3331228 81
0.0005732163 3184535 80
0.00053854164 2991898 75
0.00061313598 3406311 84
0.00060668352 3370464 77
0.00063843264 3546848 82
0.00061947126 3441507 82
0.00059909814 3328323 79
0.000563823 3132350 72
0.00064653102 3591839 81
0.00064427814 3579323 78
0.00061851834 3436213 83
0.0004997205 2776225 73
0.00061214022 3400779 81
0.00052391574 2910643 74
0.00061430166 3412787 77
0.00060214266 3345237 80
0.00060267168 3348176 80
0.00059187006 3288167 78
0.00062297136 3460952 84
0.00054073062 3004059 76
0.00075914424 4217468 97
0.0007858305 4365725 94
0.00083956752 4664264 110
0.00073187676 4065982 97
0.00071337348 3963186 93
0.00074402244 4133458 97
0.00081557514 4530973 107
0.00078089904 4338328 101
0.00075723948 4206886 99
0.000781245 4340250 103
0.00069379452 3854414 94
0.00073583784 4087988 99
0.00073364058 4075781 94
0.00066407724 3689318 94
0.00070071858 3892881 95
0.00078678558 4371031 96
0.00072655632 4036424 100
0.00080981154 4498953 107
0.00070864542 3936919 97
0.00074467998 4137111 96
0.00062557686 3475427 78
0.00057998808 3222156 73
0.00058550706 3252817 75
0.00064234062 3568559 82
0.00066750948 3708386 89
0.00071041176 3946732 90
0.000702288 3901600 89
0.00064018188 3556566 77
0.0006838343999999999 3799080 87
0.00065069712 3614984 75
0.00069896772 3883154 92
0.0007794405 4330225 95
0.0005486436 3048020 78
0.00070116462 3895359 77
0.0007604973 4224985 94
0.00080342964 4463498 99
0.00079186464 4399248 103
0.00077327424 4295968 100
0.00073659564 4092198 91
0.0005214105 2896725 62
0.0005549877 3083265 60
0.00058793148 3266286 78
0.00061741422 3430079 86
0.00077034096 4279672 97
0.0007971057 4428365 103
0.00066387618 3688201 89
0.00070418142 3912119 92
0.00070956252 3942014 96
0.00072662382 4036799 99
0.00073508904 4083828 98
0.00075635766 4201987 91
0.00062126964 3451498 88
0.00068397606 3799867 84
0.00061708302 3428239 80
0.00061483536 3415752 79
0.00058906962 3272609 84
0.00077501754 4305653 104
0.00061684776 3426932 89
0.0003704382 2057990 60
0.00062960922 3497829 81
0.0006314472 3508040 75
0.00064334502 3574139 78
0.0007031105999999999 3906170 87
0.00069931692 3885094 94
0.00068884506 3826917 94
0.00077828022 4323779 102
0.00053936514 2996473 70
0.0005744988 3191660 80
0.00056056968 3114276 74
0.00067563216 3753512 86
0.00065398266 3633237 83
0.00062185824 3454768 85
0.00068467212 3803734 83
0.0006665877 3703265 86
0.00056564298 3142461 73
0.00058717476 3262082 71
0.0007914306599999999 4396837 99
0.00068840946 3824497 83
0.00061665246 3425847 78
0.0007369308 4094060 88
0.00070437816 3913212 98
0.00064538064 3585448 81
0.00068354892 3797494 85
0.00062728416 3484912 84
0.00058053474 3225193 82
0.0006765219 3758455 88
0.00058742586 3263477 78
0.00061878276 3437682 84
0.00064870524 3603918 89
0.00061470774 3415043 85
0.00054873864 3048548 80
0.00056855772 3158654 80
0.00065376936 3632052 86
0.0006093350999999999 3385195 84
0.00060931458 3385081 84
0.00068884038 3826891 93
0.00061769628 3431646 88
0.00055275192 3070844 77
0.00066598992 3699944 88
0.00070133958 3896331 93
0.00064226538 3568141 85
0.00064435032 3579724 92
0.00068734044 3818558 92
0.00064172898 3565161 91
0.00062408718 3467151 83
0.00064503522 3583529 88
0.00061342974 3407943 89
0.00062145216 3452512 89
0.00062946234 3497013 84
0.0007182882 3990490 86
0.00065265678 3625871 87
0.00064982394 3610133 86
0.00065024208 3612456 83
0.00068802966 3822387 86
0.00068334246 3796347 88
0.00068122674 3784593 86
0.0006192 3440000 87
0.000554238 3079100 77
0.00065147814 3619323 89
0.00064996542 3610919 82
0.00063854244 3547458 88
0.0006886008 3825560 86
0.00068063544 3781308 86
0.00070120926 3895607 90
0.0006832935 3796075 95
0.00066406356 3689242 92
0.0006631605 3684225 85
0.00058235256 3235292 82
0.00061574976 3420832 83
0.00065509578 3639421 80
0.00062990244 3499458 90
0.00066438072 3691004 84
0.00059480406 3304467 78
0.00065559474 3642193 82
0.00056907342 3161519 77
0.00059695758 3316431 80
0.00051591816 2866212 72
0.00057925944 3218108 71
0.00054153504 3008528 74
0.00057168864 3176048 73
0.00062877906 3493217 84
0.00060549984 3363888 79
0.00057612186 3200677 76
0.00065423394 3634633 83
0.00059050944 3280608 79
0.00061125912 3395884 79
0.0005326923599999999 2959402 76
0.00056264976 3125832 75
0.00056609388 3144966 76
0.0006077043 3376135 77
0.00062164548 3453586 80
0.00044979642 2498869 64
0.00057528936 3196052 74
0.00054346338 3019241 78
0.00055661508 3092306 78
0.0005508786599999999 3060437 71
0.00058796262 3266459 71
0.00059872194 3326233 78
0.0005804577 3224765 77
0.00061494966 3416387 79
0.00056530098 3140561 74
0.0006752781 3751545 75
0.00063958194 3553233 81
0.00074027286 4112627 96
0.00077609358 4311631 102
0.00065534148 3640786 91
0.00066843 3713500 80
0.00069435918 3857551 88
0.00066769902 3709439 91
0.00070509852 3917214 90
0.00070673436 3926302 89
0.00069633612 3868534 93
0.00069914412 3884134 91
0.0007833942 4352190 96
0.00076197582 4233199 96
0.00067706208 3761456 91
0.00069630426 3868357 96
0.00073486782 4082599 95
0.00071554518 3975251 94
0.0007649375399999999 4249653 100
0.0007568685 4204825 102
0.00073395738 4077541 95
0.00060916662 3384259 79
0.0007713162 4285090 95
0.00071198928 3955496 95
0.00071069526 3948307 93
0.00075695364 4205298 107
0.00065405682 3633649 83
0.00061356708 3408706 76
0.00053230518 2957251 68
0.00054323784 3017988 65
0.0004440843 2467135 61
0.0005994234 3330130 80
0.0007365276 4091820 91
0.00069154344 3841908 93
0.00057253446 3180747 77
0.00064481112 3582284 86
0.00073961838 4108991 95
0.00064595556 3588642 83
0.00066796056 3710892 82
0.00066217626 3678757 81
0.00079487928 4415996 102
0.00072145674 4008093 99
0.00064293282 3571849 78
0.00072684612 4038034 92
0.00066066678 3670371 84
0.00069958332 3886574 91
0.00079436304 4413128 101
0.00074374236 4131902 105
0.00074109204 4117178 99
0.0007746345 4303525 101
0.00061762572 3431254 85
0.00070357392 3908744 88
0.0007941807 4412115 100
0.0007632675 4240375 103
0.00075297816 4183212 100
0.00075061368 4170076 100
0.0007076709 3931505 93
0.00058014918 3223051 80
0.0007624215 4235675 99
0.0007289694 4049830 94
0.00066481344 3693408 87
0.00067199526 3733307 87
0.00073711998 4095111 92
0.00077951844 4330658 106
0.0007632189 4240105 102
0.00077809662 4322759 100
0.00074131974 4118443 98
0.00076398462 4244359 102
0.0006942978 3857210 91
0.0007459154999999999 4143975 93
0.00079723134 4429063 97
0.00076188474 4232693 98
0.00067166316 3731462 90
0.00069676524 3870918 94
0.00070383294 3910183 88
0.00070248168 3902676 91
0.00075809106 4211617 98
0.00072822168 4045676 99
0.00077859378 4325521 101
0.00079624872 4423604 100
0.0007197525 3998625 98
0.00083267064 4625948 106
0.00083158794 4619933 106
0.00074714814 4150823 99
0.0007836341399999999 4353523 102
0.00082777068 4598726 107
0.00071731548 3985086 94
0.0007305308999999999 4058505 93
0.00074769912 4153884 97
0.00074505024 4139168 96
0.00063909072 3550504 89
0.0005591232 3106240 77
0.00062317548 3462086 80
0.00072684288 4038016 94
0.00064777626 3598757 86
0.00060746274 3374793 85
0.00062023302 3445739 85
0.0006106122 3392290 79
0.0005840262 3244590 80
0.00053623062 2979059 80
0.00063301014 3516723 83
0.00062681418 3482301 87
0.00065717478 3650971 88
0.00062416746 3467597 83
0.00062542854 3474603 87
0.00062070804 3448378 84
0.00057332052 3185114 82
0.00061895286 3438627 79
0.00069195276 3844182 90
0.00065814534 3656363 89
0.00061322796 3406822 83
0.00057125034 3173613 83
0.00059506542 3305919 83
0.00059800662 3322259 76
0.0006203851199999999 3446584 85
0.00062174466 3454137 80
0.00051709806 2872767 71
0.00061042428 3391246 77
0.0007242939 4023855 95
0.00063940212 3552234 89
0.0006014169 3341205 77
0.0006737661 3743145 82
0.00061634628 3424146 85
0.0006342260399999999 3523478 83
0.00065582208 3643456 86
0.00053116092 2950894 77
0.0005984787599999999 3324882 77
0.00061883244 3437958 83
0.0006812892 3784940 81
0.0006714144 3730080 91
0.00061067448 3392636 80
0.00065929824 3662768 80
0.0006278364 3487980 86
0.0006511266 3617370 86
0.0005081274 2822930 70
0.00060688026 3371557 75
0.00058605768 3255876 76
0.00051874578 2881921 66
0.00054028458 3001581 74
0.00060062814 3336823 80
0.00057558024 3197668 73
0.00049983966 2776887 68
0.00061504308 3416906 78
0.00060412482 3356249 75
0.00062378766 3465487 81
0.00057592242 3199569 75
0.00060533388 3362966 76
0.00059110542 3283919 75
0.00049207788 2733766 70
0.00050800842 2822269 64
0.00052347906 2908217 74
0.00050059818 2781101 61
0.0005716539 3175855 72
0.00059531166 3307287 75
0.00061704864 3428048 79
0.00058974246 3276347 77
0.00062879688 3493316 78
0.00062638236 3479902 79
0.00050787 2821500 65
0.00044264106 2459117 59
0.00053917362 2995409 67
0.00060662016 3370112 68
0.00058971402 3276189 76
0.00073029384 4057188 86
0.00070089426 3893857 93
0.00070367634 3909313 87
0.00068962212 3831234 85
0.00068966784 3831488 91
0.00070568838 3920491 91
0.0007313887799999999 4063271 89
0.00069376086 3854227 89
0.00069006294 3833683 77
0.00076542678 4252371 95
0.00064187478 3565971 89
0.00055853658 3102981 73
0.00076917474 4273193 98
0.00069106446 3839247 94
0.00074985948 4165886 92
0.00071541576 3974532 91
0.00077906646 4328147 99
0.00077964732 4331374 102
0.00063748908 3541606 90
0.0006453108 3585060 81
0.00063691146 3538397 77
0.00074168082 4120449 92
0.00050529474 2807193 68
0.00056671938 3148441 77
0.00050842962 2824609 63
0.00062514828 3473046 79
0.00072414576 4023032 91
0.0007151805 3973225 97
0.00071663958 3981331 97
0.00079741764 4430098 100
0.00080084988 4449166 104
0.00081217368 4512076 105
0.00075999726 4222207 101
0.00075619872 4201104 100
0.00072289206 4016067 96
0.00075840804 4213378 100
0.00055446372 3080354 71
0.00059727474 3318193 71
0.00066247254 3680403 83
0.0006620355 3677975 84
0.0007391079 4106155 94
0.00074748186 4152677 96
0.00068989032 3832724 95
0.00071529084 3973838 92
0.00073477458 4082081 96
0.00073362006 4075667 94
0.00073866438 4103691 97
0.00058554522 3253029 74
0.00054281718 3015651 69
0.0005541939 3078855 66
0.00043985736 2443652 61
0.00058610142 3256119 66
0.0005898592799999999 3276996 76
0.00041325174 2295843 52
0.00053164548 2953586 57
0.00044930484 2496138 56
0.00054036522 3002029 65
0.00050261544 2792308 71
0.00054472824 3026268 66
0.00053768466 2987137 71
0.00051734898 2874161 66
0.00046319778 2573321 66
0.00031084398 1726911 37
0.00053252874 2958493 59
0.00054360594 3020033 66
0.000396396 2202200 60
0.00032104116 1783562 42
0.00028742292 1596794 37
0.0003595428 1997460 48
0.0003888423 2160235 50
0.0003842982 2134990 50
0.00035366274 1964793 40
0.00033480738 1860041 38
0.00032085468 1782526 37
0.0003765672 2092040 38
0.00031614228 1756346 35
0.00037618866 2089937 42
0.0004991373 2772985 64
0.00054595764 3033098 74
0.00055634616 3090812 68
0.00071301654 3961203 94
0.00071050644 3947258 92
0.00061551756 3419542 88
0.0006214428 3452460 84
0.00055857852 3103214 78
0.00059286078 3293671 82
0.0005903325 3279625 76
0.00053510058 2972781 75
0.00051546132 2863674 73
0.00056546226 3141457 79
0.00061604496 3422472 84
0.00060976116 3387562 78
0.00053828064 2990448 77
0.00058976946 3276497 83
0.00069580638 3865591 94
0.00063754668 3541926 92
0.00053858844 2992158 80
0.00054166302 3009239 78
0.00047841012 2657834 73
0.00058175964 3231998 82
0.00066950856 3719492 88
0.00064952748 3608486 88
0.00057986748 3221486 81
0.00059973984 3331888 82
0.00058229388 3234966 81
0.00054260046 3014447 78
0.0005454774 3030430 78
0.00052734114 2929673 81
0.00056191068 3121726 83
0.00059526054 3307003 83
0.00066792042 3710669 94
0.00070049124 3891618 91
0.00067647726 3758207 85
0.00067145598 3730311 84
0.00070347024 3908168 93
0.000680724 3781800 88
0.0006875955 3819975 89
0.00068883372 3826854 92
0.00065928348 3662686 93
0.0007085367 3936315 92
0.00073358172 4075454 85
0.00067623372 3756854 86
0.00067787298 3765961 89
0.00074422278 4134571 88
0.00071388378 3966021 98
0.00071575236 3976402 89
0.00073236582 4068699 91
0.00070242246 3902347 92
0.00070696872 3927604 95
0.00068632686 3812927 92
0.00066857742 3714319 86
0.000653922 3632900 85
0.0006024384 3346880 82
0.0006738804 3743780 93
0.00075026052 4168114 93
0.000700875 3893750 96
0.00060393006 3355167 85
0.0006314085 3507825 79
0.00060369966 3353887 80
0.00058612518 3256251 76
0.0005164947 2869415 69
0.00050609214 2811623 63
0.0005203296 2890720 66
0.00055847718 3102651 66
0.00051984918 2888051 67
0.00045429768 2523876 65
0.0005048271 2804595 65
0.0005222268 2901260 69
0.00058844574 3269143 77
0.00055401174 3077843 70
0.00055004076 3055782 67
0.00060151428 3341746 78
0.00046394766 2577487 65
0.00053986914 2999273 68
0.00054753966 3041887 69
0.00063789246 3543847 78
0.0005215887 2897715 68
0.00047702628 2650146 66
0.00063396504 3522028 83
0.0006056172 3364540 80
0.00057021894 3167883 79
0.00062769528 3487196 83
0.00057208104 3178228 77
0.0005930577 3294765 77
0.00053915634 2995313 74
0.00054699732 3038874 72
0.00052183134 2899063 74
0.0004775526 2653070 60
0.00065531646 3640647 85
0.00067773906 3765217 85
0.00054061146 3003397 73
0.00069264558 3848031 81
0.00071329284 3962738 96
0.0007607691 4226495 96
0.00069148278 3841571 91
0.00069959376 3886632 91
0.00072313488 4017416 96
0.00069817122 3878729 90
0.00074905812 4161434 93
0.00071929656 3996092 91
0.00073711224 4095068 90
0.0006912468 3840260 86
0.00052090164 2893898 70
0.0006310747799999999 3505971 84
0.00065754936 3653052 84
0.00067674474 3759693 86
0.00067327866 3740437 83
0.00077267412 4292634 93
0.0008345358 4636310 105
0.00075529332 4196074 101
0.00074454066 4136337 99
0.0007379082 4099490 98
0.0006436227599999999 3575682 84
0.0005271705 2928725 77
0.00071495748 3971986 80
0.00066157686 3675427 82
0.00065372886 3631827 86
0.000596295 3312750 71
0.00034057296 1892072 47
0.00069589548 3866086 84
0.00072468756 4026042 91
0.00074174328 4120796 98
0.0007978373999999999 4432430 99
0.00071445096 3969172 95
0.00072526716 4029262 94
0.00069243804 3846878 92
0.0007730064 4294480 90
0.00077852754 4325153 105
0.00060546204 3363678 76
0.00065520738 3640041 86
0.00059930136 3329452 80
0.00071005482 3944749 89
0.00083457342 4636519 101
0.00073425384 4079188 99
0.00063412776 3522932 88
0.00073456128 4080896 92
0.0005142699 2857055 75
0.00062899524 3494418 73
0.00066832218 3712901 83
0.00069328746 3851597 92
0.00055681722 3093429 80
0.00063509832 3528324 83
0.00061249338 3402741 86
0.00061712802 3428489 84
0.00072968346 4053797 89
0.00074080134 4115563 98
0.00082515384 4584188 104
0.00072186138 4010341 96
0.0007977582 4431990 97
0.00080198244 4455458 106
0.00083105712 4616984 113
0.0008642583 4801435 108
0.00079227324 4401518 104
0.00077964336 4331352 103
0.0007499005199999999 4166114 97
0.00069748128 3874896 94
0.00056183796 3121322 74
0.00063769896 3542772 80
0.00071905104 3994728 96
0.00077410602 4300589 100
0.00074222352 4123464 94
0.00077597658 4310981 96
0.00071074782 3948599 95
0.00080272584 4459588 102
0.0007328988 4071660 100
0.0006907572 3837540 80
0.0007878241799999999 4376801 99
0.00081931896 4551772 110
0.00080359524 4464418 99
0.00083897334 4660963 107
0.00081039888 4502216 107
0.00072324918 4018051 90
0.00070582194 3921233 86
0.00063681678 3537871 85
0.00059280174 3293343 80
0.00063158148 3508786 82
0.00062331228 3462846 88
0.00054701352 3038964 76
0.00054523584 3029088 75
0.00062594586 3477477 82
0.00061634016 3424112 87
0.00056980062 3165559 80
0.00055332396 3074022 78
0.00063168642 3509369 88
0.00060257106 3347617 82
0.00061455852 3414214 87
0.00066070458 3670581 87
0.00060521112 3362284 83
0.00058734702 3263039 82
0.00060863112 3381284 83
0.00057617658 3200981 82
0.00059352192 3297344 80
0.00060548796 3363822 82
0.000613638 3409100 82
0.00056734506 3151917 82
0.00059127138 3284841 85
0.0006831549 3795305 88
0.00055492254 3082903 78
0.0006065899199999999 3369944 72
0.00069438276 3857682 84
0.0006585938999999999 3658855 86
0.00067610934 3756163 87
0.0006598683 3665935 87
0.00071685018 3982501 90
0.0006767674199999999 3759819 87
0.00069742206 3874567 93
0.00067569534 3753863 85
0.00063355968 3519776 83
0.00064996596 3610922 86
0.00060330528 3351696 80
0.00063520542 3528919 84
0.00061344882 3408049 80
0.0006854112 3807840 96
0.00070024626 3890257 92
0.00072834408 4046356 91
0.00075485034 4193613 97
0.00066730284 3707238 89
0.00070159572 3897754 91
0.0006156208799999999 3420116 85
0.00055163682 3064649 69
0.0005277735 2932075 65
0.0004876317 2709065 69
0.00048089376 2671632 67
0.0004730787 2628215 62
0.00050085108 2782506 64
0.0004384089 2435605 60
0.00042507504 2361528 58
0.00048370355999999997 2687242 65
0.00042017958 2334331 62
0.00049597272 2755404 65
0.00056575764 3143098 71
0.00050475672 2804204 70
0.00049143186 2730177 62
0.0004387896 2437720 60
0.00054916074 3050893 69
0.00056816226 3156457 68
0.00055287468 3071526 72
0.00055584936 3088052 72
0.00049534542 2751919 66
0.0004900575599999999 2722542 63
0.00048582612 2699034 68
0.00053534016 2974112 73
0.00044910954 2495053 60
0.00060483114 3360173 76
0.00076003452 4222414 101
0.00081188316 4510462 102
0.0007797591 4331995 105
0.00074030454 4112803 101
0.00074046672 4113704 96
0.00068787702 3821539 92
0.00055746306 3097017 69
0.0006055074 3363930 68
0.00067988448 3777136 86
0.000587727 3265150 81
0.00056429316 3134962 73
0.00060191802 3343989 75
0.00069578496 3865472 91
0.00044905302 2494739 58
0.00053560152 2975564 63
0.00065677122 3648729 85
0.00067271472 3737304 86
0.00061979022 3443279 85
0.00065730006 3651667 84
0.00070613352 3922964 86
0.00060556554 3364253 75
0.00058459932 3247774 75
0.00064380078 3576671 88
0.00061661052 3425614 78
0.0006099129 3388405 79
0.00060426522 3357029 74
0.00063381708 3521206 76
0.00065735118 3651951 85
0.00067625748 3756986 82
0.00067685508 3760306 84
0.00063926298 3551461 80
0.0006432354 3573530 80
0.00080964666 4498037 95
0.00065780316 3654462 83
0.00065037906 3613217 88
0.00069297822 3849879 84
0.00075649572 4202754 95
0.0007452207 4140115 99
0.00070439994 3913333 98
0.00059595858 3310881 84
0.00067608018 3756001 86
0.00078710364 4372798 101
0.0007482231 4156795 97
0.00075422502 4190139 98
0.00077793444 4321858 101
0.00075276522 4182029 100
0.0007835634 4353130 101
0.00073440486 4080027 97
0.00081177732 4509874 98
0.00083430306 4635017 109
0.00081617706 4534317 105
0.00073880766 4104487 99
0.00083670894 4648383 108
0.00048438 2691000 68
0.0006310908 3506060 86
0.00079173774 4398543 98
0.00072673182 4037399 95
0.00075159666 4175537 95
0.00073914192 4106344 102
0.00073295892 4071994 97
0.0008361918 4645510 105
0.00075324708 4184706 102
0.00073756152 4097564 95
0.00071407026 3967057 99
0.0007725519 4291955 102
0.0007795035 4330575 103
0.00074141478 4118971 102
0.0007579629 4210905 97
0.00070344846 3908047 95
0.00076549842 4252769 95
0.0007656867 4253815 96
0.00078992622 4388479 105
0.0008102322 4501290 103
0.00071495478 3971971 96
0.00076373838 4242991 99
0.00076977864 4276548 101
0.00080518806 4473267 106
0.00078871158 4381731 104
0.00077507352 4305964 104
0.00078174882 4343049 97
0.0007502733 4168185 98
0.00073883358 4104631 100
0.00076728222 4262679 102
0.00084717972 4706554 104
0.00071482644 3971258 96
0.00071376534 3965363 92
0.0007443621 4135345 96
0.00070496028 3916446 96
0.0007512498 4173610 98
0.00078475608 4359756 100
0.0007661867399999999 4256593 101
0.00078169896 4342772 96
0.00072859896 4047772 96
0.00081184212 4510234 105
0.00074200032 4122224 92
0.00078676686 4370927 105
0.00075553884 4197438 93
0.00079586154 4421453 102
0.0007832831399999999 4351573 104
0.00082054728 4558596 106
0.00072405198 4022511 100
0.00062432154 3468453 87
0.00048511962 2695109 73
0.00054793602 3044089 76
0.0005346784799999999 2970436 76
0.00061429518 3412751 82
0.00057976578 3220921 76
0.0005144112 2857840 76
0.00050065506 2781417 72
0.0005574879 3097155 78
0.00056034036 3113002 78
0.00060858234 3381013 85
0.00060083676 3337982 82
0.00050408478 2800471 78
0.00052418286 2912127 73
0.00062894574 3494143 80
0.00054672624 3037368 80
0.00050951682 2830649 76
0.0005439195 3021775 74
0.00056682774 3149043 75
0.00054399582 3022199 77
0.00062109288 3450516 87
0.0006385968 3547760 89
0.00059690286 3316127 82
0.00055240002 3068889 81
0.0005519385 3066325 83
0.00057770712 3209484 78
0.00051112836 2839602 77
0.00054772632 3042924 77
0.0006554853 3641585 89
0.00060574914 3365273 78
0.0006099804 3388780 81
0.0005009045399999999 2782803 67
0.0005965437599999999 3314132 73
0.00049923774 2773543 68
0.00058129578 3229421 68
0.00064283184 3571288 82
0.0005686155 3158975 77
0.00054836622 3046479 72
0.0006361902 3534390 77
0.00048778038 2709891 60
0.00049443372 2746854 63
0.00050218218 2789901 66
0.00040062384 2225688 57
0.00040200336 2233352 52
0.0004450518 2472510 60
0.00052274016 2904112 60
0.00050673708 2815206 62
0.00048447846 2691547 63
0.00045682451999999997 2537914 60
0.00059810292 3322794 76
0.00053848224 2991568 70
0.0006562755 3645975 77
0.00061018776 3389932 81
0.00048845736 2713652 70
0.00063411354 3522853 78
0.00058210272 3233904 76
0.00058560606 3253367 72
0.00057598398 3199911 72
0.00052063236 2892402 58
0.00056681334 3148963 73
0.00051576048 2865336 66
0.00044389998 2466111 63
0.00047233332 2624074 64
0.00042229764 2346098 63
0.0004847256 2692920 62
0.00046139238 2563291 64
0.00054091548 3005086 74
0.00059982138 3332341 73
0.00056143296 3119072 73
0.00060685236 3371402 76
0.00057132054 3174003 75
0.00054581922 3032329 68
0.00061452594 3414033 76
0.00061059276 3392182 72
0.00060136092 3340894 76
0.00051451992 2858444 73
0.00048987828 2721546 60
0.00053566218 2975901 65
0.00042092712 2338484 65
0.0003978657 2210365 56
0.0004249962 2361090 55
0.00050232276 2790682 65
0.00048642857999999997 2702381 61
0.00045746334 2541463 54
0.00053034858 2946381 68
0.00054421308 3023406 71
0.00069897978 3883221 91
0.0005176386 2875770 75
0.00061713072 3428504 77
0.00072630036 4035002 88
0.00070270038 3903891 95
0.0007463079 4146155 100
0.00060579414 3365523 83
0.00060966 3387000 74
0.0005980878 3322710 79
0.0006249261599999999 3471812 85
0.00065159928 3619996 83
0.0006012234 3340130 85
0.0006444576 3580320 85
0.00075653928 4202996 91
0.00079126092 4395894 102
0.00081246654 4513703 105
0.00070582392 3921244 95
0.00069274134 3848563 86
0.00055179108 3065506 73
0.00065032758 3612931 85
0.00079283538 4404641 104
0.0007036947 3909415 93
0.00075297096 4183172 100
0.00082283904 4571328 107
0.00082133082 4562949 110
0.00078501924 4361218 106
0.00079203816 4400212 107
0.00078088572 4338254 107
0.00078282684 4349038 102
0.0007133319 3962955 97
0.00070628958 3923831 92
0.00082275642 4570869 101
0.00076496616 4249812 99
0.00068784678 3821371 89
0.0006685695 3714275 88
0.00068592456 3810692 93
0.00076914414 4273023 100
0.00077515506 4306417 102
0.00075590298 4199461 103
0.00082862478 4603471 105
0.00080079534 4448863 104
0.00072278388 4015466 97
0.00073922094 4106783 96
0.00080169354 4453853 104
0.0008049058199999999 4471699 103
0.00079691454 4427303 103
0.00046362096 2575672 61
0.00072012978 4000721 87
0.00068335974 3796443 88
0.00063893538 3549641 87
0.00069920478 3884471 88
0.0008099235 4499575 102
0.00077282208 4293456 103
0.0007903353599999999 4390752 99
0.00072804942 4044719 99
0.0007776198 4320110 102
0.00072579384 4032188 95
0.00074692188 4149566 99
0.00070137792 3896544 94
0.00075649968 4202776 97
0.00066571668 3698426 86
0.00065337084 3629838 85
0.00078246792 4347044 98
0.00059156208 3286456 72
0.00070789302 3932739 88
0.00076815414 4267523 97
0.00067692906 3760717 95
0.00063989964 3554998 83
0.0006102504 3390280 78
0.00056740032 3152224 68
0.00064034964 3557498 82
0.00057133854 3174103 72
0.00076593834 4255213 99
0.00067330224 3740568 91
0.00059892498 3327361 79
0.00072370008 4020556 90
0.0006483258 3601810 84
0.00069090624 3838368 91
0.0007280325 4044625 94
0.00077692842 4316269 95
0.0008076519 4486955 101
0.00076301676 4238982 99
0.00071578062 3976559 96
0.00068349978 3797221 87
0.00061496352 3416464 79
0.00078468426 4359357 94
0.00074107566 4117087 102
0.00068162706 3786817 93
0.00071385642 3965869 92
0.00074456838 4136491 95
0.0007221803399999999 4012113 106
0.0006265143 3480635 83
0.00061493976 3416332 74
0.00063766512 3542584 84
0.00060686478 3371471 86
0.00063994878 3555271 89
0.00056163312 3120184 79
0.00056407374 3133743 78
0.00054083934 3004663 78
0.0005133438 2851910 77
0.00057482982 3193499 76
0.00052704396 2928022 75
0.00054143514 3007973 74
0.0005993877599999999 3329932 83
0.00059103396 3283522 82
0.00055653354 3091853 79
0.00061361496 3408972 85
0.00060603912 3366884 82
0.00057793806 3210767 82
0.00055280142 3071119 82
0.00054911502 3050639 80
0.00054180882 3010049 78
0.00049253868 2736326 73
0.00051710742 2872819 75
0.00058411368 3245076 79
0.00054701856 3038992 81
0.00059052366 3280687 83
0.00051482322 2860129 76
0.00054464904 3025828 77
0.00055950858 3108381 79
0.00063372924 3520718 79
0.00060368076 3353782 83
0.00067178664 3732148 84
0.00058874472 3270804 81
0.0005631449399999999 3128583 78
0.00056993688 3166316 72
0.00056800512 3155584 73
0.00051918012 2884334 69
0.0005582898 3101610 75
0.0005743926 3191070 75
0.00058031406 3223967 74
0.00062379324 3465518 82
0.00071057862 3947659 83
0.00067028436 3723802 85
0.0006367392 3537440 78
0.00055290024 3071668 72
0.00059735088 3318616 74
0.00052703046 2927947 72
0.00060512454 3361803 72
0.00063373068 3520726 83
0.0005433066 3018370 73
0.00053880606 2993367 73
0.00059408838 3300491 71
0.00057540456 3196692 73
0.00050917698 2828761 71
0.00053485992 2971444 75
0.00048544614 2696923 65
0.00055083924 3060218 73
0.00061028352 3390464 77
0.00053758746 2986597 73
0.0004593645 2552025 67
0.00058223718 3234651 68
0.00046412478 2578471 66
0.00054142938 3007941 71
0.00055183086 3065727 74
0.00057704022 3205779 72
0.00053491392 2971744 70
0.00052684092 2926894 65
0.0005337896399999999 2965498 72
0.0005246298 2914610 71
0.00050786298 2821461 68
0.00050643972 2813554 67
0.00057101868 3172326 73
0.00056756106 3153117 73
0.00050658732 2814374 69
0.00058807548 3267086 75
0.0005278491 2932495 70
0.00061812 3434000 80
0.0005764599 3202555 73
0.00068912676 3828482 80
0.00065288196 3627122 83
0.0005841243 3245135 76
0.00056092392 3116244 68
0.00056418624 3134368 73
0.00057232368 3179576 74
0.00052914816 2939712 70
0.00076915296 4273072 97
0.0007042555799999999 3912531 90
0.0006672096 3706720 80
0.00068233068 3790726 89
0.00072795618 4044201 98
0.0006300792 3500440 88
0.00066127302 3673739 85
0.0004597272 2554040 70
0.00062795682 3488649 84
0.00067303782 3739099 85
0.00076224564 4234698 96
0.00075052584 4169588 94
0.000722736 4015200 96
0.0008039402999999999 4466335 101
0.00074977452 4165414 97
0.00079006536 4389252 106
0.00080947584 4497088 104
0.00062550504 3475028 83
0.0006169005 3427225 84
0.00066092778 3671821 86
0.00061751412 3430634 86
0.00063106308 3505906 90
0.00063857304 3547628 83
0.00058414266 3245237 78
0.00055935936 3107552 71
0.00062519148 3473286 80
0.00058480236 3248902 72
0.0006229467 3460815 82
0.0006474927599999999 3597182 77
0.00058625658 3256981 80
0.00063454536 3525252 72
0.00065385072 3632504 85
0.0006082176599999999 3378987 81
0.00070228692 3901594 92
0.00065141334 3618963 81
0.00067104144 3728008 90
0.00060199182 3344399 81
0.0006801858 3778810 92
0.000385956 2144200 55
0.0007363134 4090630 82
0.00058282974 3237943 76
0.0007475877 4153265 90
0.00067426812 3745934 89
0.00061874442 3437469 75
0.00056230128 3123896 67
0.00074654424 4147468 98
0.00071960418 3997801 93
0.00074946492 4163694 100
0.00070494444 3916358 98
0.00074058714 4114373 93
0.0008048178 4471210 100
0.0007361456399999999 4089698 94
0.00080650908 4480606 102
0.00077749848 4319436 106
0.00078703344 4372408 104
0.00076666536 4259252 103
0.00078046074 4335893 100
0.00073903752 4105764 100
0.0004444119 2468955 59
0.0006880607999999999 3822560 76
0.00063329166 3518287 81
0.00069920046 3884447 90
0.00068296482 3794249 90
0.00071496234 3972013 92
0.0005703273 3168485 59
0.00067308174 3739343 88
0.00060054102 3336339 82
0.00059878476 3326582 80
0.00065621124 3645618 81
0.00077188626 4288257 101
0.000709218 3940100 98
0.00066288222 3682679 87
0.00056492046 3138447 77
0.00061519266 3417737 81
0.00061802838 3433491 84
0.00060681438 3371191 83
0.00072665172 4036954 96
0.00071065638 3948091 92
0.00073725678 4095871 97
0.00067628142 3757119 94
0.00078137658 4340981 91
0.0006876801 3820445 90
0.00070034202 3890789 87
0.00070130646 3896147 93
0.000686781 3815450 92
0.0007243803 4024335 99
0.0007366185 4092325 98
0.0007417018799999999 4120566 98
0.00079063344 4392408 98
0.0006425874 3569930 89
0.00072678456 4037692 92
0.00054134802 3007489 72
0.0006067746 3370970 84
0.0007502211 4167895 88
0.00071990172 3999454 92
0.00081096912 4505384 107
0.00079279398 4404411 101
0.0007482747599999999 4157082 96
0.00075258252 4181014 97
0.00071864478 3992471 94
0.00067937472 3774304 90
0.00073161108 4064506 95
0.00077806656 4322592 103
0.00075006666 4167037 98
0.00084284856 4682492 102
0.00053533692 2974094 77
0.00044078508 2448806 67
0.00045633924 2535218 68
0.00055108044 3061558 79
0.00055147824 3063768 73
0.00048561408 2697856 62
0.0005250465 2916925 71
0.00041578344 2309908 65
0.00052831656 2935092 76
0.0005209587 2894215 80
0.00056210976 3122832 80
0.00053558064 2975448 72
0.00055658952 3092164 75
0.00059449644 3302758 82
0.00062736678 3485371 80
0.00065222316 3623462 76
0.00051470766 2859487 71
0.00053476416 2970912 73
0.00051932952 2885164 75
0.0005210856 2894920 78
0.00051746598 2874811 74
0.00052127046 2895947 73
0.00063464076 3525782 86
0.00055364742 3075819 84
0.00060035706 3335317 80
0.000559269 3107050 77
0.00061355448 3408636 77
0.0005845266 3247370 78
0.00063822114 3545673 81
0.00064877058 3604281 86
0.00064261728 3570096 81
0.00058569012 3253834 78
0.00060684012 3371334 83
0.0006383501999999999 3546390 89
0.00059085936 3282552 75
0.00063956322 3553129 80
0.00067717692 3762094 91
0.00066592224 3699568 86
0.00061441578 3413421 78
0.00056436858 3135381 78
0.00065637324 3646518 83
0.0005694075 3163375 80
0.000611055 3394750 81
0.00061424964 3412498 76
0.00053215578 2956421 73
0.00063095472 3505304 79
0.00063271872 3515104 83
0.000667971 3710950 85
0.0006179004 3432780 82
0.00067186908 3732606 85
0.0005507744399999999 3059858 75
0.00055439298 3079961 73
0.00059401152 3300064 77
0.00068226876 3790382 83
0.00059197536 3288752 77
0.00058077612 3226534 78
0.00056876184 3159788 79
0.0005760882 3200490 74
0.00058252284 3236238 80
0.00052952346 2941797 67
0.0006000075 3333375 79
0.00052962426 2942357 73
0.0005449347 3027415 74
0.00060171966 3342887 77
0.00050170536 2787252 69
0.00054454086 3025227 76
0.00053780958 2987831 73
0.00062427888 3468216 82
0.0005406984 3003880 78
0.0005868441 3260245 78
0.00061097634 3394313 82
0.0006040467 3355815 80
0.0005642505 3134725 78
0.0005864027399999999 3257793 78
0.00056141586 3118977 77
0.0007416441 4120245 95
0.00069003072 3833504 94
0.00054261252 3014514 79
0.00039471408 2192856 42
0.00046468854 2581603 61
0.00054565974 3031443 74
0.00047970107999999997 2665006 67
0.00060593076 3366282 77
0.00069028632 3834924 83
0.00066721086 3706727 82
0.00071209206 3956067 95
0.00068352894 3797383 89
0.0006337476 3520820 82
0.00062725338 3484741 74
0.0005456718 3031510 71
0.00063136782 3507599 81
0.0005982858 3323810 82
0.00066994704 3721928 91
0.00062209728 3456096 82
0.0005885406 3269670 76
0.0005995701 3330945 81
0.00050255046 2791947 78
0.00054140526 3007807 79
0.00060272586 3348477 75
0.0006090786 3383770 82
0.00070034508 3890806 91
0.00061389126 3410507 86
0.0006340545 3522525 78
0.00071582076 3976782 93
0.00051826716 2879262 66
0.00033946272 1885904 50
0.00064709226 3594957 76
0.00078771708 4376206 102
0.00071797878 3988771 91
0.00061201854 3400103 76
0.00068281938 3793441 87
0.00068554638 3808591 92
0.0006594624 3663680 80
0.00074003256 4111292 91
0.00076607154 4255953 105
0.0006891552 3828640 89
0.0007117155 3953975 95
0.00077380002 4298889 98
0.00075766734 4209263 101
0.00070505676 3916982 95
0.00077867028 4325946 97
0.00072893718 4049651 97
0.00075347424 4185968 98
0.0005047281 2804045 60
0.0006470811 3594895 79
0.00062701722 3483429 80
0.0007289380799999999 4049656 97
0.00068234328 3790796 91
0.00068553594 3808533 84
0.00056590344 3143908 75
0.00064744632 3596924 77
0.00078463152 4359064 100
0.00075525102 4195839 100
0.0006771555 3761975 96
0.00071302914 3961273 93
0.0005886693 3270385 84
0.0005726106 3181170 76
0.0006660918 3700510 81
0.00068668326 3814907 91
0.00074608974 4144943 95
0.00051304248 2850236 73
0.00066231612 3679534 81
0.00065963826 3664657 79
0.00070895538 3938641 82
0.0006627267 3681815 90
0.00071259264 3958848 98
0.00075787578 4210421 94
0.00076980204 4276678 102
0.00073240434 4068913 96
0.00068869476 3826082 95
0.0007675245 4264025 90
0.0005290317 2939065 66
0.00068727762 3818209 84
0.00071294904 3960828 92
0.00075282606 4182367 97
0.0007511337 4172965 97
0.00066159414 3675523 87
0.0007699383 4277435 93
0.00045142722 2507929 48
0.00067178376 3732132 90
0.00060493338 3360741 80
0.00086370156 4798342 111
0.0007468353 4149085 100
0.00079423974 4412443 106
0.0007877381399999999 4376323 104
0.00081079164 4504398 110
0.0008415207 4675115 114
0.00075387168 4188176 101
0.00079930494 4440583 104
0.00083356758 4630931 108
0.00077360508 4297806 104
0.00070230096 3901672 99
0.00079567542 4420419 108
0.00076332672 4240704 105
0.00074208942 4122719 100
0.00077148954 4286053 100
0.00061644978 3424721 78
0.00058029858 3223881 81
0.0005907276 3281820 84
0.0006061617 3367565 84
0.00061284762 3404709 83
0.0005528421 3071345 77
0.00051568632 2864924 74
0.00058539294 3252183 82
0.00057445704 3191428 78
0.0006421509 3567505 84
0.00058726206 3262567 80
0.00054563454 3031303 76
0.00058775058 3265281 84
0.00060458094 3358783 80
0.00057837294 3213183 76
0.0005781654 3212030 82
0.00064248966 3569387 89
0.00060753744 3375208 84
0.00054610056 3033892 77
0.00065934828 3663046 82
0.00060576156 3365342 85
0.00063026604 3501478 86
0.00060656148 3369786 81
0.00063100224 3505568 84
0.0006004791 3335995 84
0.00054981018 3054501 78
0.0005958639 3310355 78
0.0005986881 3326045 77
0.00058156488 3230916 80
0.00063359892 3519994 84
0.0006281478 3489710 85
0.0005402718 3001510 74
0.00055858266 3103237 75
0.00050441634 2802313 70
0.0006085602 3380890 76
0.00063101484 3505638 79
0.00060595326 3366407 76
0.00060443208 3357956 79
0.00057457314 3192073 82
0.00055514898 3084161 73
0.0005423895 3013275 74
0.00050004792 2778044 74
0.0007300539 4055855 88
0.00065601612 3644534 83
0.00060509232 3361624 78
0.0005428449 3015805 70
0.00055392876 3077382 71
0.0005591853 3106585 70
0.0006506739 3614855 85
0.00065973528 3665196 91
0.00061802262 3433459 85
0.0006086664 3381480 83
0.00060147972 3341554 82
0.00067318776 3739932 87
0.00068904342 3828019 92
0.00065271654 3626203 91
0.00059440716 3302262 77
0.00063048672 3502704 83
0.00061683354 3426853 86
0.00061585542 3421419 80
0.00047437218 2635401 69
0.00047837556 2657642 65
0.00059117094 3284283 74
0.00069489216 3860512 88
0.00056976336 3165352 83
0.00061626024 3423668 80
0.00059908878 3328271 85
0.00062684712 3482484 81
0.00054274752 3015264 73
0.00058573314 3254073 76
0.0006180876 3433820 81
0.0005859423 3255235 77
0.00058678884 3259938 81
0.00065452662 3636259 94
0.00061256808 3403156 74
0.00056438892 3135494 75
0.00067717818 3762101 83
0.00055972476 3109582 75
0.00069307758 3850431 72
0.00069834042 3879669 88
0.00058992246 3277347 78
0.00062316396 3462022 79
0.00063735768 3540876 81
0.00080977752 4498764 101
0.00069718032 3873224 89
0.00076237488 4235416 97
0.00084007422 4667079 105
0.0007731198 4295110 104
0.00078614676 4367482 101
0.00076260978 4236721 103
0.00066781692 3710094 85
0.00043992612 2444034 64
0.00063872442 3548469 87
0.0006294563999999999 3496980 82
0.0007651476 4250820 88
0.00056606904 3144828 78
0.00070642854 3924603 95
0.00065442366 3635687 92
0.000688338 3824100 93
0.00080925606 4495867 100
0.00069631722 3868429 89
0.00067480452 3748914 89
0.00054184158 3010231 77
0.00072299304 4016628 89
0.00075236562 4179809 99
0.00059620248 3312236 72
0.00058300074 3238893 76
0.0007473132 4151740 91
0.0007424145 4124525 96
0.00070851348 3936186 88
0.00074484558 4138031 92
0.00080938926 4496607 102
0.00073132578 4062921 96
0.0007344225 4080125 97
0.00077143212 4285734 98
0.0007887447 4381915 101
0.0007754733 4308185 101
0.0006594831 3663795 91
0.00081703638 4539091 99
0.00066700944 3705608 91
0.00076734522 4263029 98
0.00073750032 4097224 100
0.0006982495199999999 3879164 95
0.00069478074 3859893 92
0.0007683903 4268835 97
0.0006238899 3466055 77
0.00057472272 3192904 75
0.0005338044 2965580 75
0.00058746672 3263704 79
0.00070902702 3939039 90
0.0008010304199999999 4450169 104
0.00072978192 4054344 101
0.00065576394 3643133 93
0.0007308063 4060035 95
0.00065531142 3640619 92
0.0006416073 3564485 88
0.00073493442 4082969 98
0.00075714066 4206337 100
0.00078640956 4368942 99
0.00076218264 4234348 102
0.00066877938 3715441 88
0.00062384022 3465779 82
0.00063724968 3540276 80
0.00069632802 3868489 88
0.00071980488 3998916 93
0.00072824994 4045833 89
0.00067082544 3726808 85
0.0007182324 3990180 93
0.00058227174 3234843 79
0.00074101176 4116732 93
0.00074721852 4151214 99
0.00072091188 4005066 97
0.00081358236 4519902 98
0.00070077996 3893222 91
0.0006224882399999999 3458268 82
0.00072341946 4018997 92
0.0006524298 3624610 84
0.000708813 3937850 82
0.00057164076 3175782 65
0.00063752652 3541814 87
0.00067663332 3759074 79
0.00069962184 3886788 95
0.00075539934 4196663 102
0.0008224236 4569020 104
0.00076200138 4233341 100
0.0007355187 4086215 97
0.00066540312 3696684 88
0.00068944842 3830269 90
0.00070375986 3909777 94
0.00070517502 3917639 87
0.00077063706 4281317 97
0.00077964678 4331371 101
0.0007858690199999999 4365939 101
0.00082478106 4582117 104
0.00070720668 3928926 97
0.00060129108 3340506 83
0.00056373066 3131837 74
0.00060382098 3354561 79
0.00066908646 3717147 83
0.00064139508 3563306 85
0.00061604532 3422474 86
0.0005878395 3265775 83
0.00065889126 3660507 86
0.00057214926 3178607 81
0.00064359108 3575506 86
0.0006427638 3570910 91
0.00059446602 3302589 85
0.00062666892 3481494 83
0.00061160328 3397796 85
0.00059310846 3295047 86
0.00059671998 3315111 78
0.0005920515 3289175 81
0.0006267897 3482165 89
0.00051891354 2882853 75
0.00059008626 3278257 81
0.0006187041 3437245 85
0.00058317426 3239857 81
0.00065309778 3628321 84
0.00059344542 3296919 83
0.00063171072 3509504 90
0.00053812008 2989556 77
0.00053647236 2980402 79
0.00047418714 2634373 70
0.00059976954 3332053 79
0.00068746356 3819242 90
0.0006094722599999999 3385957 85
0.00065266866 3625937 88
0.00065930436 3662802 86
0.00066053574 3669643 81
0.00070886592 3938144 95
0.00070274988 3904166 93
0.0005839263 3244035 78
0.00055599714 3088873 73
0.00070301664 3905648 86
0.0006871338 3817410 87
0.0006142509 3412505 84
0.00062471088 3470616 79
0.00071788968 3988276 91
0.00064245852 3569214 93
0.00055138428 3063246 78
0.00067861422 3770079 89
0.00065421612 3634534 88
0.0005651928 3139960 82
0.00063293742 3516319 85
0.0006879290399999999 3821828 88
0.00064348236 3574902 82
0.00067826628 3768146 82
0.00064556874 3586493 84
0.00066230892 3679494 88
0.00072657702 4036539 91
0.0007074855 3930475 94
0.0006074325 3374625 83
0.0005010048 2783360 75
0.000585936 3255200 81
0.00056233782 3124099 73
0.00062042976 3446832 80
0.00065519946 3639997 87
0.00057728862 3207159 77
0.0006646923 3692735 85
0.00055038258 3057681 79
0.0006532362 3629090 81
0.00058434786 3246377 81
0.0005805828 3225460 75
0.00059980122 3332229 74
0.00061924878 3440271 80
0.00051846066 2880337 73
0.00060020982 3334499 77
0.00057261078 3181171 77
0.00058420296 3245572 80
0.000638577 3547650 85
0.00063870462 3548359 77
0.00059160546 3286697 83
0.00056333754 3129653 77
0.00065798892 3655494 84
0.00059236074 3290893 80
0.0006162714 3423730 84
0.0006110928 3394960 84
0.00056275524 3126418 79
0.00058786686 3265927 76
0.00052713828 2928546 74
0.00079799742 4433319 101
0.00073820592 4101144 99
0.00062077194 3448733 83
0.00056034612 3113034 78
0.00064514106 3584117 84
0.00068333742 3796319 84
0.00073099476 4061082 95
0.00070750314 3930573 88
0.00071150706 3952817 91
0.00062739396 3485522 79
0.00062564382 3475799 81
0.00057549834 3197213 74
0.00067313952 3739664 81
0.00075988242 4221569 98
0.00068754402 3819689 89
0.00070884954 3938053 98
0.00064934802 3607489 88
0.00079234542 4401919 95
0.00080505612 4472534 100
0.00053066574 2948143 71
0.00064012842 3556269 83
0.0006549947999999999 3638860 78
0.00069242652 3846814 94
0.00063376074 3520893 78
0.00077861988 4325666 101
0.0006889284 3827380 91
0.00079078212 4393234 94
0.00054721566 3040087 77
0.0006491568599999999 3606427 84
0.0007253827199999999 4029904 92
0.00071682408 3982356 79
0.00070441974 3913443 92
0.00078690276 4371682 95
0.00069001236 3833402 89
0.00069667236 3870402 92
0.00065703798 3650211 81
0.00038967984 2164888 60
0.00068160222 3786679 84
0.00067939614 3774423 89
0.00075535866 4196437 97
0.0007183654199999999 3990919 93
0.00077159178 4286621 99
0.0006966504 3870280 94
0.00076613742 4256319 97
0.000731916 4066200 95
0.00071102826 3950157 91
0.00070838064 3935448 90
0.00063359046 3519947 87
0.00076085946 4226997 100
0.00074155212 4119734 99
0.00039575826 2198657 49
0.00062726148 3484786 77
0.00048702366 2705687 60
0.0006440778 3578210 83
0.0007238043 4021135 98
0.00069648696 3869372 87
0.00079337988 4407666 97
0.00050992776 2832932 77
0.00070601994 3922333 84
0.00074394468 4133026 95
0.00072920862 4051159 92
0.0006775434 3764130 91
0.00072465156 4025842 92
0.00076442094 4246783 99
0.00068537754 3807653 87
0.00071413002 3967389 89
0.00068016186 3778677 89
0.00070684758 3926931 94
0.00072931716 4051762 93
0.00070742376 3930132 91
0.00071934714 3996373 94
0.00064368612 3576034 85
0.00058996224 3277568 75
0.0006431895 3573275 82
0.00057087126 3171507 79
0.00064705788 3594766 80
0.00072825642 4045869 88
0.00065458206 3636567 84
0.0006992784 3884880 87
0.0007086249 3936805 93
0.00060868044 3381558 80
0.00068464386 3803577 88
0.0007019604 3899780 84
0.00076561506 4253417 100
0.00079841142 4435619 107
0.00072965286 4053627 96
0.00075598344 4199908 97
0.00071235828 3957546 83
0.0005381793 2989885 74
0.00057869784 3214988 82
0.00068141088 3785616 84
0.00063728082 3540449 81
0.0006638634 3688130 86
0.0007447167 4137315 97
0.00067426902 3745939 92
0.00077039208 4279956 89
0.00073145934 4063663 92
0.00073077282 4059849 96
0.00075754116 4208562 95
0.0006767334 3759630 90
0.0008363511 4646395 110
0.00080892216 4494012 105
0.00072752112 4041784 90
0.00079706988 4428166 101
0.00076973976 4276332 96
0.00075127266 4173737 97
0.00059505552 3305864 83
0.00056426868 3134826 83
0.00056049624 3113868 79
0.00054989712 3054984 79
0.00054796014 3044223 81
0.0005873895 3263275 81
0.00064100484 3561138 86
0.0006273586799999999 3485326 86
0.00065823588 3656866 83
0.00065834964 3657498 91
0.00060431418 3357301 84
0.00061940898 3441161 84
0.00057001428 3166746 82
0.00054096444 3005358 77
0.0006904402199999999 3835779 92
0.00062167554 3453753 88
0.00055705014 3094723 84
0.00060081804 3337878 81
0.00059111874 3283993 86
0.00068814198 3823011 88
0.00064002114 3555673 90
0.00052364196 2909122 75
0.00047860956 2658942 71
0.00054215514 3011973 73
0.00061420032 3412224 84
0.00056746926 3152607 82
0.00058069206 3226067 81
0.00057473406 3192967 80
0.00059885982 3326999 82
0.00064549818 3586101 79
0.00062823672 3490204 83
0.0006674715 3708175 90
0.00069430122 3857229 89
0.00063251298 3513961 85
0.00063245682 3513649 88
0.00070460676 3914482 93
0.0006180332399999999 3433518 81
0.00062867232 3492624 83
0.000667953 3710850 86
0.00069278706 3848817 85
0.00063256284 3514238 79
0.0006057108 3365060 79
0.00064803762 3600209 90
0.0006205374 3447430 82
0.00060516774 3362043 81
0.00065457846 3636547 84
0.00069876936 3882052 88
0.0006051546 3361970 76
0.00060285942 3349219 76
0.0005967252 3315140 75
0.00049818816 2767712 69
0.00060244344 3346908 76
0.00059563098 3309061 78
0.00061232832 3401824 76
0.00059902758 3327931 75
0.00062500824 3472268 77
0.00055392048 3077336 78
0.00059174388 3287466 79
0.00048411396 2689522 69
0.00059753772 3319654 81
0.00056652264 3147348 76
0.00058301766 3238987 79
0.0005714388 3174660 78
0.00060465816 3359212 80
0.00049689684 2760538 70
0.0005387421599999999 2993012 72
0.000539811 2998950 73
0.00064340082 3574449 85
0.0006495884999999999 3608825 82
0.000647271 3595950 81
0.00070182648 3899036 90
0.00058987854 3277103 79
0.00057433824 3190768 79
0.00062878122 3493229 87
0.00062091252 3449514 88
0.0006244286399999999 3469048 81
0.00067212108 3734006 85
0.00071509482 3972749 92
0.00054721854 3040103 73
0.00060126678 3340371 80
0.0005934672 3297040 79
0.00057675312 3204184 77
0.00060458526 3358807 81
0.00063266328 3514796 81
0.0005938956 3299420 82
0.0005772729599999999 3207072 80
0.0005651703 3139835 79
0.00062055756 3447542 77
