7.25544e-06 40308 568
7.25616e-06 40312 569
7.24968e-06 40276 545
7.27416e-06 40412 579
7.24968e-06 40276 560
7.19352e-06 39964 482
7.23618e-06 40201 526
7.24752e-06 40264 542
7.2525599999999996e-06 40292 564
7.28136e-06 40452 604
7.26984e-06 40388 588
7.31736e-06 40652 639
7.25832e-06 40324 572
7.28352e-06 40464 607
7.19136e-06 39952 479
7.31016e-06 40612 629
7.15752e-06 39764 417
7.13376e-06 39632 399
7.20648e-06 40036 485
7.26624e-06 40368 583
7.26966e-06 40387 573
7.2576e-06 40320 571
7.1733599999999995e-06 39852 454
7.20144e-06 40008 493
7.3049399999999996e-06 40583 622
7.19568e-06 39976 485
7.2108e-06 40060 506
7.23312e-06 40184 522
7.24536e-06 40252 539
7.1496e-06 39720 421
7.17552e-06 39864 457
7.28154e-06 40453 589
7.2684e-06 40380 571
7.29216e-06 40512 619
7.2525599999999996e-06 40292 564
7.27128e-06 40396 590
7.29648e-06 40536 610
7.27218e-06 40401 576
7.29936e-06 40552 629
7.30512e-06 40584 637
7.33464e-06 40748 663
7.2928799999999995e-06 40516 620
7.23816e-06 40212 544
7.2909e-06 40505 602
7.24536e-06 40252 554
7.33176e-06 40732 674
7.34274e-06 40793 674
7.3017e-06 40565 617
7.2576e-06 40320 571
7.2648e-06 40360 581
7.28262e-06 40459 591
7.2684e-06 40380 571
7.30368e-06 40576 635
7.3008e-06 40560 631
7.22592e-06 40144 527
7.3593e-06 40885 697
7.35336e-06 40852 689
7.30584e-06 40588 638
7.27848e-06 40436 600
7.27776e-06 40432 599
7.3008e-06 40560 631
7.28712e-06 40484 612
7.2756e-06 40420 581
7.28496e-06 40472 609
7.2837e-06 40465 592
7.29504e-06 40528 608
7.29432e-06 40524 622
7.37424e-06 40968 718
7.35408e-06 40856 690
7.35336e-06 40852 704
7.31304e-06 40628 648
7.32168e-06 40676 645
7.31376e-06 40632 649
7.3223999999999996e-06 40680 661
7.30314e-06 40573 619
7.3125e-06 40625 632
7.2928799999999995e-06 40516 620
7.34616e-06 40812 694
7.2936e-06 40520 606
7.28154e-06 40453 589
7.29864e-06 40548 628
7.30296e-06 40572 634
7.28568e-06 40476 595
7.27128e-06 40396 590
7.27344e-06 40408 593
7.2756e-06 40420 596
7.28856e-06 40492 599
7.29864e-06 40548 613
7.29648e-06 40536 625
7.27416e-06 40412 594
7.27704e-06 40428 598
7.29522e-06 40529 608
7.2928799999999995e-06 40516 605
7.28928e-06 40496 600
7.2828e-06 40460 606
7.272e-06 40400 591
7.2928799999999995e-06 40516 605
7.30008e-06 40556 615
7.26984e-06 40388 588
7.27416e-06 40412 579
7.27056e-06 40392 589
7.26696e-06 40372 584
7.26498e-06 40361 566
7.2675e-06 40375 570
7.2684e-06 40380 586
7.26624e-06 40368 583
7.25778e-06 40321 556
7.2525599999999996e-06 40292 564
7.26696e-06 40372 584
7.3557e-06 40865 692
7.35408e-06 40856 690
7.37154e-06 40953 714
7.35408e-06 40856 705
7.33896e-06 40772 684
7.37658e-06 40981 721
7.34472e-06 40804 692
7.32888e-06 40716 670
7.34976e-06 40832 699
7.28568e-06 40476 595
7.31106e-06 40617 630
7.31304e-06 40628 648
7.30296e-06 40572 634
7.29144e-06 40508 618
7.29e-06 40500 601
7.31664e-06 40648 638
7.308e-06 40600 641
7.32096e-06 40672 659
7.32726e-06 40707 653
7.29594e-06 40533 609
7.29144e-06 40508 618
7.308e-06 40600 641
7.31088e-06 40616 645
7.30062e-06 40559 616
7.24464e-06 40248 553
7.24176e-06 40232 549
7.25616e-06 40312 554
7.24104e-06 40228 548
7.23528e-06 40196 540
7.23024e-06 40168 518
7.24554e-06 40253 539
7.23528e-06 40196 525
7.23312e-06 40184 537
7.2468e-06 40260 556
7.26048e-06 40336 560
7.2504e-06 40280 561
7.25976e-06 40332 574
7.26426e-06 40357 565
7.2727199999999995e-06 40404 577
7.2576e-06 40320 571
7.25184e-06 40288 563
7.25904e-06 40328 573
7.27218e-06 40401 576
7.25904e-06 40328 573
7.24896e-06 40272 559
7.25976e-06 40332 574
7.2684e-06 40380 571
7.27416e-06 40412 579
7.2648e-06 40360 581
7.24824e-06 40268 558
7.29576e-06 40532 624
7.22682e-06 40149 513
7.21368e-06 40076 510
7.25184e-06 40288 563
7.23816e-06 40212 544
7.25058e-06 40281 546
7.25976e-06 40332 559
7.2504e-06 40280 561
7.25184e-06 40288 563
7.24266e-06 40237 535
7.17984e-06 39888 463
7.18848e-06 39936 475
7.23834e-06 40213 529
7.23312e-06 40184 537
7.27776e-06 40432 599
7.27776e-06 40432 584
7.27866e-06 40437 585
7.2468e-06 40260 556
7.21008e-06 40056 505
7.2396e-06 40220 546
7.29432e-06 40524 607
7.31826e-06 40657 640
7.27992e-06 40444 602
7.32384e-06 40688 663
7.26048e-06 40336 575
7.29072e-06 40504 602
7.29e-06 40500 601
7.31088e-06 40616 645
7.29504e-06 40528 623
7.28856e-06 40492 614
7.27074e-06 40393 574
7.30008e-06 40556 615
7.30656e-06 40592 639
7.19064e-06 39948 463
7.26192e-06 40344 577
7.36506e-06 40917 705
7.33176e-06 40732 674
7.3152e-06 40640 651
7.2828e-06 40460 591
7.2387e-06 40215 530
7.25112e-06 40284 562
7.32312e-06 40684 662
7.2792e-06 40440 601
7.29216e-06 40512 604
7.33176e-06 40732 659
7.3152e-06 40640 651
7.2756e-06 40420 596
7.3737e-06 40965 717
7.29864e-06 40548 613
7.29072e-06 40504 617
7.26624e-06 40368 583
7.30152e-06 40564 617
7.28424e-06 40468 593
7.2828e-06 40460 606
7.26192e-06 40344 577
7.22088e-06 40116 520
7.34688e-06 40816 680
7.39584e-06 41088 748
7.32888e-06 40716 670
7.2936e-06 40520 621
7.31232e-06 40624 647
7.28658e-06 40481 596
7.28784e-06 40488 598
7.30656e-06 40592 639
7.28712e-06 40484 612
7.28856e-06 40492 614
7.29504e-06 40528 608
7.27488e-06 40416 595
7.27416e-06 40412 594
7.31088e-06 40616 645
7.3107e-06 40615 630
7.308e-06 40600 626
7.29936e-06 40552 629
7.2928799999999995e-06 40516 620
7.3044e-06 40580 636
7.28784e-06 40488 598
7.29e-06 40500 601
7.29432e-06 40524 622
7.29792e-06 40544 627
7.26192e-06 40344 577
7.27938e-06 40441 586
7.28118e-06 40451 589
7.25616e-06 40312 569
7.27776e-06 40432 599
7.29216e-06 40512 604
7.28136e-06 40452 604
7.29576e-06 40532 624
7.27776e-06 40432 599
7.26318e-06 40351 564
7.29666e-06 40537 610
7.29e-06 40500 616
7.24608e-06 40256 555
7.254e-06 40300 566
7.26048e-06 40336 560
7.25544e-06 40308 568
7.27848e-06 40436 600
7.2945e-06 40525 607
7.34832e-06 40824 697
7.32816e-06 40712 669
7.34688e-06 40816 695
7.34904e-06 40828 698
7.33824e-06 40768 668
7.32384e-06 40688 663
7.32384e-06 40688 663
7.33248e-06 40736 660
7.37946e-06 40997 725
7.34616e-06 40812 694
7.3188e-06 40660 656
7.32024e-06 40668 658
7.34328e-06 40796 675
7.36056e-06 40892 699
7.31016e-06 40612 644
7.35552e-06 40864 707
7.35048e-06 40836 685
7.34112e-06 40784 672
7.30152e-06 40564 632
7.32312e-06 40684 662
7.34832e-06 40824 697
7.33158e-06 40731 659
7.34616e-06 40812 679
7.24608e-06 40256 555
7.26048e-06 40336 575
7.26768e-06 40376 585
7.26912e-06 40384 572
7.2828e-06 40460 591
7.26408e-06 40356 580
7.26264e-06 40348 578
7.2504e-06 40280 561
7.25976e-06 40332 559
7.25814e-06 40323 557
7.28496e-06 40472 609
7.28136e-06 40452 604
7.27056e-06 40392 589
7.26354e-06 40353 564
7.2684e-06 40380 586
7.26336e-06 40352 579
7.24824e-06 40268 558
7.27056e-06 40392 589
7.29306e-06 40517 605
7.27776e-06 40432 599
7.26624e-06 40368 583
7.2864e-06 40480 611
7.30584e-06 40588 623
7.29648e-06 40536 610
7.2828e-06 40460 606
7.21368e-06 40076 510
7.25688e-06 40316 570
7.25832e-06 40324 557
7.26858e-06 40381 571
7.29432e-06 40524 622
7.29144e-06 40508 618
7.28496e-06 40472 609
7.2936e-06 40520 606
7.27344e-06 40408 593
7.254e-06 40300 566
7.23546e-06 40197 525
7.24698e-06 40261 541
7.27344e-06 40408 593
7.23024e-06 40168 533
7.16346e-06 39797 425
7.29882e-06 40549 613
7.31952e-06 40664 657
7.29864e-06 40548 628
7.26696e-06 40372 584
7.26858e-06 40381 571
7.27056e-06 40392 589
7.26192e-06 40344 577
7.24392e-06 40244 552
7.27614e-06 40423 582
7.24464e-06 40248 553
7.24536e-06 40252 554
7.30152e-06 40564 632
7.31232e-06 40624 632
7.31286e-06 40627 633
7.36344e-06 40908 718
7.3022399999999996e-06 40568 633
7.3425599999999995e-06 40792 674
7.33392e-06 40744 662
7.2972e-06 40540 626
7.29432e-06 40524 622
7.32384e-06 40688 663
7.30728e-06 40596 625
7.2945e-06 40525 607
7.26336e-06 40352 579
7.2612e-06 40340 576
7.20936e-06 40052 504
7.29144e-06 40508 603
7.2864e-06 40480 611
7.28424e-06 40468 608
7.27632e-06 40424 597
7.3022399999999996e-06 40568 633
7.25472e-06 40304 552
7.29144e-06 40508 603
7.25544e-06 40308 568
7.25976e-06 40332 574
7.28424e-06 40468 608
7.27578e-06 40421 581
7.35264e-06 40848 688
7.29576e-06 40532 624
7.34688e-06 40816 695
7.33752e-06 40764 667
7.31232e-06 40624 632
7.3296e-06 40720 671
7.33536e-06 40752 679
7.3332e-06 40740 676
7.3425599999999995e-06 40792 674
7.31088e-06 40616 645
7.34688e-06 40816 695
7.35408e-06 40856 705
7.31592e-06 40644 652
7.29864e-06 40548 613
7.33536e-06 40752 664
7.34688e-06 40816 695
7.3584e-06 40880 711
7.32744e-06 40708 653
7.35696e-06 40872 694
7.35984e-06 40888 698
7.35984e-06 40888 713
7.3584e-06 40880 711
7.36344e-06 40908 703
7.36488e-06 40916 705
7.3296e-06 40720 656
7.34472e-06 40804 692
7.34616e-06 40812 694
7.34058e-06 40781 671
7.23168e-06 40176 520
7.2606599999999995e-06 40337 560
7.24896e-06 40272 559
7.22664e-06 40148 528
7.23744e-06 40208 543
7.24968e-06 40276 545
7.26912e-06 40384 572
7.2396e-06 40220 546
7.24824e-06 40268 558
7.24392e-06 40244 552
7.2468e-06 40260 541
7.24176e-06 40232 534
7.2323999999999996e-06 40180 536
7.2216e-06 40120 521
7.21944e-06 40108 518
7.23024e-06 40168 518
7.2396e-06 40220 531
7.24752e-06 40264 557
7.24176e-06 40232 549
7.26048e-06 40336 560
7.23312e-06 40184 522
7.23672e-06 40204 542
7.24824e-06 40268 558
7.2315e-06 40175 520
7.23762e-06 40209 528
7.2504e-06 40280 546
7.22376e-06 40132 524
7.22664e-06 40148 528
7.2504e-06 40280 546
7.23906e-06 40217 530
7.26408e-06 40356 565
7.29648e-06 40536 625
7.29504e-06 40528 623
7.31952e-06 40664 642
7.27578e-06 40421 581
7.28712e-06 40484 597
7.2936e-06 40520 621
7.33608e-06 40756 680
7.3584e-06 40880 696
7.34688e-06 40816 680
7.31682e-06 40649 638
7.32096e-06 40672 659
7.28928e-06 40496 615
7.26408e-06 40356 565
7.2837e-06 40465 592
7.2828e-06 40460 606
7.30728e-06 40596 640
7.32258e-06 40681 646
7.308e-06 40600 626
7.28586e-06 40477 595
7.27344e-06 40408 593
7.29072e-06 40504 617
7.28136e-06 40452 589
7.30944e-06 40608 628
7.2864e-06 40480 596
7.28568e-06 40476 610
7.30368e-06 40576 635
7.32384e-06 40688 648
7.30962e-06 40609 628
7.3044e-06 40580 621
7.26696e-06 40372 584
7.2727199999999995e-06 40404 592
7.2576e-06 40320 556
7.2648e-06 40360 566
7.25688e-06 40316 555
7.26984e-06 40388 588
7.2612e-06 40340 576
7.28334e-06 40463 592
7.3008e-06 40560 616
7.28136e-06 40452 589
7.272e-06 40400 591
7.28712e-06 40484 612
7.26624e-06 40368 568
7.27416e-06 40412 579
7.2495e-06 40275 545
7.22808e-06 40156 530
7.27938e-06 40441 586
7.28136e-06 40452 589
7.2684e-06 40380 571
7.24536e-06 40252 554
7.236e-06 40200 541
7.24176e-06 40232 534
7.2963e-06 40535 610
7.28496e-06 40472 594
7.25544e-06 40308 568
7.20864e-06 40048 503
7.2230399999999995e-06 40128 508
7.26696e-06 40372 569
7.27632e-06 40424 582
7.27632e-06 40424 597
7.27344e-06 40408 593
7.29144e-06 40508 603
7.28568e-06 40476 595
7.25616e-06 40312 569
7.26984e-06 40388 588
7.26048e-06 40336 560
7.25904e-06 40328 558
7.30296e-06 40572 634
7.218e-06 40100 516
7.2323999999999996e-06 40180 521
7.2257399999999995e-06 40143 512
7.2606599999999995e-06 40337 560
7.27848e-06 40436 600
7.27056e-06 40392 589
7.2576e-06 40320 556
7.2621e-06 40345 562
7.31304e-06 40628 633
7.31376e-06 40632 649
7.28424e-06 40468 608
7.3368e-06 40760 666
7.34544e-06 40808 678
7.27074e-06 40393 574
7.29504e-06 40528 623
7.36848e-06 40936 725
7.34022e-06 40779 671
7.34184e-06 40788 673
7.30656e-06 40592 624
7.26984e-06 40388 588
7.28424e-06 40468 608
7.30368e-06 40576 620
7.33392e-06 40744 662
7.33878e-06 40771 669
7.33608e-06 40756 680
7.33032e-06 40724 672
7.25616e-06 40312 554
7.20522e-06 40029 483
7.2252e-06 40140 511
7.27056e-06 40392 589
7.26336e-06 40352 579
7.2423e-06 40235 535
7.28226e-06 40457 590
7.28514e-06 40473 594
7.2820799999999996e-06 40456 605
7.2995399999999996e-06 40553 614
7.26048e-06 40336 560
7.27866e-06 40437 585
7.23888e-06 40216 545
7.2525599999999996e-06 40292 564
7.27344e-06 40408 578
7.32456e-06 40692 649
7.3233e-06 40685 647
7.31016e-06 40612 644
7.29576e-06 40532 624
7.3053e-06 40585 622
7.31358e-06 40631 634
7.3836e-06 41020 731
7.3022399999999996e-06 40568 633
7.2864e-06 40480 611
7.23618e-06 40201 526
7.33536e-06 40752 664
7.34454e-06 40803 677
7.33536e-06 40752 679
7.28064e-06 40448 588
7.27344e-06 40408 578
7.2936e-06 40520 606
7.28136e-06 40452 604
7.30368e-06 40576 620
7.32042e-06 40669 643
7.31502e-06 40639 636
7.31304e-06 40628 648
7.29576e-06 40532 624
7.31664e-06 40648 638
7.3008e-06 40560 616
7.3116e-06 40620 631
7.33104e-06 40728 673
7.2972e-06 40540 626
7.27776e-06 40432 584
7.30206e-06 40567 618
7.32456e-06 40692 664
7.2972e-06 40540 626
7.29e-06 40500 601
7.31736e-06 40652 639
7.33248e-06 40736 660
7.30008e-06 40556 630
7.2828e-06 40460 606
7.3223999999999996e-06 40680 646
7.31898e-06 40661 641
7.31664e-06 40648 638
7.29e-06 40500 616
7.3044e-06 40580 636
7.30098e-06 40561 616
7.28928e-06 40496 600
7.2820799999999996e-06 40456 605
7.31736e-06 40652 654
7.31232e-06 40624 647
7.31376e-06 40632 634
7.32906e-06 40717 655
7.32528e-06 40696 665
7.31088e-06 40616 645
7.26264e-06 40348 563
7.27344e-06 40408 578
7.29594e-06 40533 609
7.2828e-06 40460 606
7.28136e-06 40452 604
7.2864e-06 40480 596
7.28154e-06 40453 589
7.2549e-06 40305 552
7.25112e-06 40284 562
7.2928799999999995e-06 40516 620
7.31574e-06 40643 637
7.30944e-06 40608 628
7.26264e-06 40348 578
7.25112e-06 40284 562
7.254e-06 40300 566
7.29054e-06 40503 602
7.30674e-06 40593 624
7.27776e-06 40432 599
7.2936e-06 40520 621
7.30656e-06 40592 624
7.26858e-06 40381 571
7.2727199999999995e-06 40404 577
7.27488e-06 40416 595
7.27488e-06 40416 595
7.26336e-06 40352 564
7.27038e-06 40391 574
7.2727199999999995e-06 40404 577
7.27632e-06 40424 597
7.25544e-06 40308 568
7.24752e-06 40264 542
7.25184e-06 40288 548
7.26696e-06 40372 584
7.2792e-06 40440 601
7.24824e-06 40268 558
7.27056e-06 40392 574
7.2585e-06 40325 557
7.25904e-06 40328 573
7.25472e-06 40304 567
7.23456e-06 40192 524
7.24536e-06 40252 539
7.26696e-06 40372 569
7.27632e-06 40424 597
7.254e-06 40300 566
7.2756e-06 40420 581
7.23816e-06 40212 529
7.24968e-06 40276 545
7.2612e-06 40340 576
7.28352e-06 40464 607
7.27794e-06 40433 584
7.2525599999999996e-06 40292 549
7.26696e-06 40372 584
7.27128e-06 40396 590
7.31592e-06 40644 652
7.29864e-06 40548 613
7.2981e-06 40545 612
7.27848e-06 40436 600
7.19208e-06 39956 480
7.24266e-06 40237 535
7.24536e-06 40252 539
7.27632e-06 40424 582
7.2144e-06 40080 511
7.24392e-06 40244 552
7.29504e-06 40528 608
7.30098e-06 40561 616
7.31214e-06 40623 632
7.30656e-06 40592 639
7.2828e-06 40460 606
7.30728e-06 40596 625
7.29144e-06 40508 603
7.2396e-06 40220 546
7.29e-06 40500 616
7.31448e-06 40636 650
7.32096e-06 40672 644
7.30026e-06 40557 615
7.25544e-06 40308 568
7.21008e-06 40056 505
7.254e-06 40300 551
7.31232e-06 40624 632
7.33194e-06 40733 659
7.35336e-06 40852 704
7.3116e-06 40620 646
7.31286e-06 40627 633
7.29882e-06 40549 613
7.2972e-06 40540 611
7.308e-06 40600 641
7.27488e-06 40416 595
7.32546e-06 40697 650
7.30602e-06 40589 623
7.32888e-06 40716 670
7.272e-06 40400 591
7.28712e-06 40484 612
7.32888e-06 40716 655
7.25184e-06 40288 563
7.2792e-06 40440 601
7.31016e-06 40612 644
7.28874e-06 40493 599
7.3305e-06 40725 657
7.26408e-06 40356 565
7.23168e-06 40176 535
7.25472e-06 40304 567
7.2928799999999995e-06 40516 605
7.2972e-06 40540 611
7.2648e-06 40360 566
7.25112e-06 40284 562
7.24608e-06 40256 555
7.27056e-06 40392 574
7.34688e-06 40816 680
7.25832e-06 40324 572
7.29576e-06 40532 624
7.2396e-06 40220 546
7.2747e-06 40415 580
7.308e-06 40600 626
7.29648e-06 40536 625
7.31232e-06 40624 647
7.28442e-06 40469 593
7.24482e-06 40249 538
7.24824e-06 40268 558
7.24176e-06 40232 549
7.2612e-06 40340 561
7.2612e-06 40340 561
7.28262e-06 40459 591
7.2684e-06 40380 586
7.23744e-06 40208 543
7.26696e-06 40372 569
7.27344e-06 40408 578
7.23024e-06 40168 518
7.20504e-06 40028 498
7.23096e-06 40172 534
7.26552e-06 40364 567
7.28928e-06 40496 600
7.24608e-06 40256 540
7.24104e-06 40228 548
7.23384e-06 40188 538
7.25994e-06 40333 559
7.27254e-06 40403 577
7.27056e-06 40392 574
7.24032e-06 40224 547
7.24464e-06 40248 553
7.26696e-06 40372 569
7.27776e-06 40432 584
7.28496e-06 40472 594
7.28424e-06 40468 608
7.26408e-06 40356 580
7.2873e-06 40485 597
7.28352e-06 40464 592
7.28856e-06 40492 614
7.28352e-06 40464 607
7.24824e-06 40268 558
7.29792e-06 40544 612
7.30296e-06 40572 619
7.2028799999999996e-06 40016 495
7.22808e-06 40156 530
7.27506e-06 40417 580
7.2756e-06 40420 581
7.2404999999999995e-06 40225 532
7.25184e-06 40288 563
7.26192e-06 40344 577
7.2323999999999996e-06 40180 521
7.23096e-06 40172 519
7.26354e-06 40353 564
7.28712e-06 40484 612
7.31808e-06 40656 640
7.3008e-06 40560 616
7.31898e-06 40661 641
7.29648e-06 40536 625
7.28352e-06 40464 607
7.20882e-06 40049 488
7.21512e-06 40084 512
7.27416e-06 40412 594
7.30512e-06 40584 622
7.25346e-06 40297 550
7.2603e-06 40335 560
7.23888e-06 40216 545
7.27416e-06 40412 579
7.30872e-06 40604 627
7.30458e-06 40581 621
7.29e-06 40500 616
7.3022399999999996e-06 40568 633
7.31808e-06 40656 640
7.2928799999999995e-06 40516 605
7.30296e-06 40572 619
7.28496e-06 40472 609
7.22808e-06 40156 530
7.23816e-06 40212 529
7.2621e-06 40345 562
7.24536e-06 40252 554
7.23744e-06 40208 543
7.25238e-06 40291 549
7.2700199999999996e-06 40389 573
7.2727199999999995e-06 40404 592
7.25328e-06 40296 565
7.28298e-06 40461 591
7.27344e-06 40408 578
7.272e-06 40400 576
7.27848e-06 40436 600
7.26336e-06 40352 579
7.27866e-06 40437 585
7.33806e-06 40767 668
7.29e-06 40500 616
7.26912e-06 40384 587
7.28712e-06 40484 612
7.2955799999999995e-06 40531 609
7.31736e-06 40652 654
7.33608e-06 40756 680
7.24176e-06 40232 549
7.2700199999999996e-06 40389 573
7.29792e-06 40544 612
7.2612e-06 40340 561
7.2648e-06 40360 581
7.3044e-06 40580 636
7.27704e-06 40428 583
7.2648e-06 40360 566
7.26912e-06 40384 572
7.2972e-06 40540 626
7.29648e-06 40536 625
7.26192e-06 40344 562
7.31376e-06 40632 634
7.27632e-06 40424 597
7.27776e-06 40432 599
7.19928e-06 39996 490
7.21098e-06 40061 491
7.25328e-06 40296 550
7.21512e-06 40084 512
7.25616e-06 40312 569
7.29378e-06 40521 606
7.31754e-06 40653 639
7.31178e-06 40621 631
7.2727199999999995e-06 40404 592
7.28064e-06 40448 603
7.32168e-06 40676 645
7.26768e-06 40376 570
7.25562e-06 40309 553
7.24176e-06 40232 549
7.2072e-06 40040 501
7.26408e-06 40356 565
7.28424e-06 40468 593
7.28064e-06 40448 603
7.3022399999999996e-06 40568 633
7.29216e-06 40512 619
7.28298e-06 40461 591
7.30152e-06 40564 617
7.272e-06 40400 591
7.24392e-06 40244 552
7.2972e-06 40540 611
7.24446e-06 40247 538
7.29594e-06 40533 609
7.28352e-06 40464 607
7.26192e-06 40344 577
7.28442e-06 40469 593
7.2837e-06 40465 592
7.33248e-06 40736 660
7.2431999999999995e-06 40240 551
7.25328e-06 40296 565
7.23456e-06 40192 524
7.21872e-06 40104 502
7.22232e-06 40124 522
7.254e-06 40300 566
7.27128e-06 40396 590
7.2495e-06 40275 545
7.23852e-06 40214 529
7.26912e-06 40384 587
7.26552e-06 40364 582
7.22736e-06 40152 514
7.2459e-06 40255 540
7.3223999999999996e-06 40680 661
7.3044e-06 40580 636
7.31088e-06 40616 645
7.32888e-06 40716 655
7.28496e-06 40472 594
7.272e-06 40400 591
7.3008e-06 40560 631
7.30368e-06 40576 635
7.30656e-06 40592 624
7.2995399999999996e-06 40553 614
7.28712e-06 40484 612
7.28352e-06 40464 607
7.2792e-06 40440 601
7.32978e-06 40721 656
7.27992e-06 40444 602
7.29504e-06 40528 623
7.31448e-06 40636 650
7.34112e-06 40784 672
7.31826e-06 40657 640
7.29936e-06 40552 629
7.30296e-06 40572 634
7.30962e-06 40609 628
7.31826e-06 40657 640
7.2828e-06 40460 606
7.28496e-06 40472 609
7.29936e-06 40552 629
7.30134e-06 40563 617
7.30818e-06 40601 626
7.29e-06 40500 616
7.30944e-06 40608 643
7.28928e-06 40496 615
7.29864e-06 40548 613
7.29504e-06 40528 608
7.29936e-06 40552 629
7.30728e-06 40596 640
7.2928799999999995e-06 40516 620
7.32042e-06 40669 643
7.2928799999999995e-06 40516 620
7.2727199999999995e-06 40404 592
7.29936e-06 40552 629
7.3022399999999996e-06 40568 618
7.32024e-06 40668 643
7.2972e-06 40540 626
7.30152e-06 40564 632
7.29864e-06 40548 628
7.31538e-06 40641 636
7.29144e-06 40508 618
7.2972e-06 40540 626
7.29414e-06 40523 607
7.27434e-06 40413 579
7.2684e-06 40380 586
7.2792e-06 40440 601
7.27128e-06 40396 590
7.3022399999999996e-06 40568 618
7.308e-06 40600 626
7.31088e-06 40616 645
7.30872e-06 40604 642
7.28496e-06 40472 609
7.29126e-06 40507 603
7.30296e-06 40572 619
7.29576e-06 40532 624
7.28712e-06 40484 612
7.31016e-06 40612 644
7.32384e-06 40688 648
7.32024e-06 40668 658
7.3022399999999996e-06 40568 633
7.30728e-06 40596 625
7.29216e-06 40512 619
7.29504e-06 40528 623
7.29144e-06 40508 618
7.24032e-06 40224 532
7.23456e-06 40192 524
7.22592e-06 40144 527
7.23384e-06 40188 538
7.23456e-06 40192 539
7.25562e-06 40309 553
7.2765e-06 40425 582
7.272e-06 40400 591
7.25544e-06 40308 568
7.2792e-06 40440 601
7.2945e-06 40525 607
7.31232e-06 40624 632
7.24752e-06 40264 557
7.2828e-06 40460 606
7.26408e-06 40356 580
7.25976e-06 40332 559
7.2288e-06 40160 531
7.2144e-06 40080 511
7.2468e-06 40260 556
7.28784e-06 40488 598
7.27686e-06 40427 583
7.25472e-06 40304 567
7.26624e-06 40368 583
7.32888e-06 40716 670
7.26696e-06 40372 569
7.31178e-06 40621 631
7.2648e-06 40360 581
7.32816e-06 40712 669
7.29072e-06 40504 617
7.30566e-06 40587 623
7.29432e-06 40524 622
7.3044e-06 40580 636
7.29864e-06 40548 628
7.27776e-06 40432 584
7.3107e-06 40615 630
7.26552e-06 40364 582
7.29072e-06 40504 617
7.27992e-06 40444 602
7.36488e-06 40916 705
7.27722e-06 40429 583
7.26264e-06 40348 578
7.28352e-06 40464 607
7.26696e-06 40372 584
7.3053e-06 40585 622
7.34472e-06 40804 677
7.31016e-06 40612 644
7.344e-06 40800 691
7.31448e-06 40636 650
7.26534e-06 40363 567
7.2727199999999995e-06 40404 577
7.2972e-06 40540 626
7.29072e-06 40504 617
7.29936e-06 40552 629
7.32744e-06 40708 653
7.31232e-06 40624 647
7.2936e-06 40520 621
7.28568e-06 40476 610
7.31376e-06 40632 634
7.34058e-06 40781 671
7.32384e-06 40688 663
7.34616e-06 40812 694
7.30152e-06 40564 632
7.17408e-06 39856 440
7.1649e-06 39805 427
7.16616e-06 39812 444
7.24104e-06 40228 548
7.18848e-06 39936 475
7.18416e-06 39912 454
7.15194e-06 39733 409
7.24824e-06 40268 558
7.25832e-06 40324 572
7.26552e-06 40364 582
7.2684e-06 40380 571
7.28424e-06 40468 608
7.24104e-06 40228 548
7.23312e-06 40184 537
7.2819e-06 40455 590
7.2576e-06 40320 556
7.32456e-06 40692 664
7.31664e-06 40648 653
7.31448e-06 40636 650
7.3233e-06 40685 647
7.32654e-06 40703 652
7.32456e-06 40692 664
7.31736e-06 40652 654
7.32744e-06 40708 668
7.33536e-06 40752 664
7.3323e-06 40735 660
7.33968e-06 40776 685
7.326e-06 40700 666
7.30296e-06 40572 634
7.32114e-06 40673 644
7.29504e-06 40528 623
7.3008e-06 40560 631
7.31592e-06 40644 637
7.34184e-06 40788 673
7.32456e-06 40692 664
7.308e-06 40600 641
7.30872e-06 40604 642
7.30656e-06 40592 624
7.31754e-06 40653 639
7.33536e-06 40752 679
7.3404e-06 40780 686
7.3425599999999995e-06 40792 674
7.32456e-06 40692 649
7.31682e-06 40649 638
7.29216e-06 40512 619
7.29072e-06 40504 617
7.308e-06 40600 641
7.31898e-06 40661 641
7.32672e-06 40704 652
7.31592e-06 40644 652
7.31592e-06 40644 652
7.326e-06 40700 666
7.34544e-06 40808 678
7.33896e-06 40772 669
7.3223999999999996e-06 40680 661
7.34184e-06 40788 688
7.30728e-06 40596 640
7.29936e-06 40552 614
7.32888e-06 40716 655
7.31664e-06 40648 653
7.308e-06 40600 641
7.31448e-06 40636 650
7.36488e-06 40916 705
7.33752e-06 40764 667
7.33032e-06 40724 672
7.31736e-06 40652 654
7.30152e-06 40564 632
7.3223999999999996e-06 40680 646
7.35264e-06 40848 703
7.3519199999999996e-06 40844 702
7.308e-06 40600 641
7.30296e-06 40572 619
7.3107e-06 40615 630
7.2792e-06 40440 601
7.28856e-06 40492 614
7.33464e-06 40748 663
7.35768e-06 40876 695
7.3053e-06 40585 622
7.2928799999999995e-06 40516 620
7.31808e-06 40656 655
7.31448e-06 40636 650
7.3152e-06 40640 636
7.32456e-06 40692 649
7.34472e-06 40804 692
7.33896e-06 40772 684
7.2792e-06 40440 601
7.35552e-06 40864 692
7.3296e-06 40720 671
7.33392e-06 40744 677
7.30152e-06 40564 632
7.2828e-06 40460 591
7.3035e-06 40575 620
7.25832e-06 40324 572
7.27344e-06 40408 593
7.2864e-06 40480 596
7.26642e-06 40369 568
7.3305e-06 40725 657
7.33032e-06 40724 672
7.2864e-06 40480 611
7.3008e-06 40560 631
7.33752e-06 40764 667
7.27434e-06 40413 579
7.27704e-06 40428 598
7.2928799999999995e-06 40516 620
7.31808e-06 40656 640
7.3008e-06 40560 616
7.21872e-06 40104 517
7.1625599999999996e-06 39792 439
7.20072e-06 40004 492
7.24032e-06 40224 547
7.23402e-06 40189 523
7.23816e-06 40212 529
7.22016e-06 40112 519
7.23168e-06 40176 535
7.23672e-06 40204 542
7.2684e-06 40380 571
7.23906e-06 40217 530
7.21584e-06 40088 513
7.2230399999999995e-06 40128 523
7.25778e-06 40321 556
7.26552e-06 40364 567
7.26048e-06 40336 560
7.23816e-06 40212 544
7.3044e-06 40580 636
7.31322e-06 40629 633
7.31376e-06 40632 634
7.30728e-06 40596 640
7.27128e-06 40396 590
7.29054e-06 40503 602
7.30386e-06 40577 620
7.29432e-06 40524 607
7.2504e-06 40280 561
7.22736e-06 40152 529
7.24338e-06 40241 536
7.28568e-06 40476 595
7.28226e-06 40457 590
7.2230399999999995e-06 40128 523
7.2216e-06 40120 521
7.25922e-06 40329 558
7.2441e-06 40245 537
7.2423e-06 40235 535
7.2216e-06 40120 521
7.22736e-06 40152 529
7.30152e-06 40564 617
7.25274e-06 40293 549
7.21944e-06 40108 518
7.20648e-06 40036 500
7.27776e-06 40432 584
7.27344e-06 40408 578
7.24248e-06 40236 535
7.21872e-06 40104 517
7.22952e-06 40164 532
7.25634e-06 40313 554
7.2504e-06 40280 546
7.2648e-06 40360 566
7.26552e-06 40364 582
7.25346e-06 40297 550
7.26696e-06 40372 569
7.2783e-06 40435 585
7.22592e-06 40144 527
7.2323999999999996e-06 40180 536
7.24248e-06 40236 535
7.25166e-06 40287 548
7.24896e-06 40272 559
7.22232e-06 40124 522
7.24536e-06 40252 539
7.22952e-06 40164 517
7.23672e-06 40204 527
7.22232e-06 40124 522
7.23096e-06 40172 534
7.26354e-06 40353 564
7.2657e-06 40365 567
7.24176e-06 40232 534
7.23168e-06 40176 535
7.2431999999999995e-06 40240 551
7.23906e-06 40217 530
7.25904e-06 40328 558
7.23942e-06 40219 531
7.2431999999999995e-06 40240 551
7.24392e-06 40244 552
7.23168e-06 40176 520
7.24752e-06 40264 542
7.23456e-06 40192 539
7.24104e-06 40228 548
7.2468e-06 40260 541
7.23726e-06 40207 528
7.24032e-06 40224 532
7.21512e-06 40084 512
7.21584e-06 40088 513
7.2576e-06 40320 556
7.2729e-06 40405 577
7.26624e-06 40368 568
7.25904e-06 40328 573
7.2252e-06 40140 526
7.23528e-06 40196 540
7.2576e-06 40320 556
7.23672e-06 40204 527
7.24032e-06 40224 532
7.26768e-06 40376 585
7.254e-06 40300 566
7.2754199999999995e-06 40419 581
7.25184e-06 40288 548
7.22448e-06 40136 510
7.20432e-06 40024 497
7.21512e-06 40084 512
7.23456e-06 40192 524
7.23096e-06 40172 519
7.2189e-06 40105 502
7.2323999999999996e-06 40180 536
7.21512e-06 40084 512
7.2711e-06 40395 575
7.28136e-06 40452 589
7.29054e-06 40503 602
7.26048e-06 40336 575
7.23096e-06 40172 534
7.2585e-06 40325 557
7.24194e-06 40233 534
7.25688e-06 40316 555
7.2648e-06 40360 581
7.27704e-06 40428 598
7.30242e-06 40569 618
7.27074e-06 40393 574
7.24824e-06 40268 558
7.23888e-06 40216 545
7.26426e-06 40357 565
7.26642e-06 40369 568
7.2612e-06 40340 576
7.27344e-06 40408 593
7.28784e-06 40488 598
7.28496e-06 40472 594
7.26984e-06 40388 573
7.26624e-06 40368 583
7.22808e-06 40156 530
7.2431999999999995e-06 40240 536
7.23312e-06 40184 522
7.27416e-06 40412 579
7.24032e-06 40224 547
7.254e-06 40300 566
7.26408e-06 40356 565
7.27344e-06 40408 578
7.23654e-06 40203 527
7.24392e-06 40244 552
7.272e-06 40400 591
7.28622e-06 40479 596
7.2864e-06 40480 596
7.3044e-06 40580 636
7.26048e-06 40336 575
7.25706e-06 40317 555
7.2404999999999995e-06 40225 532
7.26858e-06 40381 571
7.22736e-06 40152 529
7.24824e-06 40268 558
7.21602e-06 40089 498
7.24896e-06 40272 544
7.25922e-06 40329 558
7.26696e-06 40372 584
7.23672e-06 40204 527
7.16094e-06 39783 422
7.17408e-06 39856 440
7.24176e-06 40232 549
7.23384e-06 40188 538
7.3627199999999995e-06 40904 702
7.34472e-06 40804 677
7.27488e-06 40416 580
7.34616e-06 40812 694
7.35336e-06 40852 704
7.32366e-06 40687 648
7.33608e-06 40756 665
7.3296e-06 40720 656
7.3044e-06 40580 636
7.29648e-06 40536 625
7.25634e-06 40313 554
7.32114e-06 40673 644
7.34328e-06 40796 675
7.26768e-06 40376 585
7.28136e-06 40452 604
7.30296e-06 40572 619
7.2684e-06 40380 586
7.2468e-06 40260 556
7.28406e-06 40467 593
7.32546e-06 40697 650
7.31232e-06 40624 647
7.25904e-06 40328 573
7.3152e-06 40640 636
7.27416e-06 40412 579
7.29432e-06 40524 607
7.27992e-06 40444 602
7.27056e-06 40392 589
7.29504e-06 40528 608
7.33176e-06 40732 659
7.34202e-06 40789 673
7.28856e-06 40492 614
7.34112e-06 40784 687
7.31664e-06 40648 638
7.3449e-06 40805 677
7.3008e-06 40560 616
7.28856e-06 40492 614
7.30008e-06 40556 630
7.3600199999999995e-06 40889 698
7.29072e-06 40504 602
7.32546e-06 40697 650
7.2820799999999996e-06 40456 605
7.40952e-06 41164 782
7.3539e-06 40855 690
7.23978e-06 40221 531
7.2504e-06 40280 561
7.30872e-06 40604 642
7.34994e-06 40833 684
7.32744e-06 40708 653
7.34832e-06 40824 682
7.36128e-06 40896 715
7.29432e-06 40524 622
7.3022399999999996e-06 40568 618
7.3519199999999996e-06 40844 687
7.2792e-06 40440 586
7.28496e-06 40472 609
7.26696e-06 40372 584
7.26624e-06 40368 568
7.2700199999999996e-06 40389 573
7.26354e-06 40353 564
7.25472e-06 40304 567
7.26984e-06 40388 588
7.27578e-06 40421 581
7.2828e-06 40460 591
7.26696e-06 40372 569
7.24464e-06 40248 553
7.2576e-06 40320 571
7.2855e-06 40475 595
7.26714e-06 40373 569
7.27794e-06 40433 584
7.26336e-06 40352 579
7.2727199999999995e-06 40404 592
7.27614e-06 40423 582
7.25994e-06 40333 559
7.25616e-06 40312 569
7.25112e-06 40284 562
7.2820799999999996e-06 40456 590
7.2928799999999995e-06 40516 605
7.2756e-06 40420 581
7.27416e-06 40412 594
7.28064e-06 40448 603
7.3053e-06 40585 622
7.31304e-06 40628 633
7.32816e-06 40712 654
7.31016e-06 40612 644
7.30872e-06 40604 642
7.33176e-06 40732 659
7.3223999999999996e-06 40680 646
7.28496e-06 40472 594
7.32744e-06 40708 668
7.30656e-06 40592 639
7.32528e-06 40696 650
7.3125e-06 40625 632
7.308e-06 40600 641
7.28928e-06 40496 615
7.29216e-06 40512 604
7.31304e-06 40628 633
7.32618e-06 40701 651
7.32528e-06 40696 665
7.30584e-06 40588 638
7.29936e-06 40552 614
7.29648e-06 40536 610
7.29864e-06 40548 613
7.29216e-06 40512 619
7.31088e-06 40616 645
7.32528e-06 40696 650
7.2288e-06 40160 516
7.2621e-06 40345 562
7.2525599999999996e-06 40292 564
7.24032e-06 40224 547
7.2576e-06 40320 556
7.25562e-06 40309 553
7.27056e-06 40392 589
7.24752e-06 40264 557
7.29216e-06 40512 604
7.24032e-06 40224 532
7.24374e-06 40243 537
7.2504e-06 40280 561
7.22664e-06 40148 528
7.236e-06 40200 526
7.23042e-06 40169 518
7.21296e-06 40072 509
7.21872e-06 40104 517
7.2504e-06 40280 546
7.23888e-06 40216 530
7.23816e-06 40212 529
7.2468e-06 40260 556
7.254e-06 40300 566
7.2468e-06 40260 541
7.2700199999999996e-06 40389 573
7.27992e-06 40444 587
7.24032e-06 40224 547
7.2288e-06 40160 531
7.23744e-06 40208 528
7.18344e-06 39908 453
7.25904e-06 40328 558
7.33104e-06 40728 673
7.27776e-06 40432 599
7.2765e-06 40425 582
7.3152e-06 40640 636
7.26552e-06 40364 582
7.236e-06 40200 541
7.21944e-06 40108 503
7.22538e-06 40141 511
7.28766e-06 40487 598
7.29144e-06 40508 618
7.29792e-06 40544 627
7.28424e-06 40468 593
7.3008e-06 40560 616
7.26264e-06 40348 563
7.30656e-06 40592 639
7.25976e-06 40332 574
7.24608e-06 40256 540
7.24806e-06 40267 543
7.28928e-06 40496 600
7.2288e-06 40160 531
7.32384e-06 40688 663
7.25274e-06 40293 549
7.272e-06 40400 576
7.2648e-06 40360 566
7.2972e-06 40540 626
7.24752e-06 40264 557
7.19586e-06 39977 470
7.14402e-06 39689 398
7.2504e-06 40280 546
7.26264e-06 40348 578
7.25472e-06 40304 567
7.29432e-06 40524 607
7.30386e-06 40577 620
7.27992e-06 40444 602
7.30008e-06 40556 630
7.30062e-06 40559 616
7.35354e-06 40853 689
7.32456e-06 40692 649
7.29648e-06 40536 625
7.23456e-06 40192 539
7.28064e-06 40448 588
7.20918e-06 40051 489
7.26624e-06 40368 568
7.26984e-06 40388 588
7.26408e-06 40356 580
7.28136e-06 40452 589
7.2549e-06 40305 552
7.2612e-06 40340 561
7.2648e-06 40360 581
7.2525599999999996e-06 40292 564
7.25328e-06 40296 550
7.2657e-06 40365 567
7.25688e-06 40316 570
7.25976e-06 40332 574
7.2296999999999996e-06 40165 517
7.27794e-06 40433 584
7.27992e-06 40444 587
7.3152e-06 40640 651
7.3044e-06 40580 636
7.33698e-06 40761 666
7.3022399999999996e-06 40568 618
7.33968e-06 40776 670
7.3223999999999996e-06 40680 661
7.29792e-06 40544 627
7.33896e-06 40772 669
7.36506e-06 40917 705
7.34904e-06 40828 683
7.32312e-06 40684 662
7.26912e-06 40384 587
7.28064e-06 40448 588
7.32456e-06 40692 649
7.34976e-06 40832 699
7.2612e-06 40340 576
7.27614e-06 40423 582
7.29234e-06 40513 604
7.3125e-06 40625 632
7.31232e-06 40624 647
7.2727199999999995e-06 40404 592
7.2972e-06 40540 611
7.2936e-06 40520 606
7.28712e-06 40484 597
7.26984e-06 40388 588
7.30584e-06 40588 638
7.32114e-06 40673 644
7.3519199999999996e-06 40844 687
7.37514e-06 40973 719
7.33032e-06 40724 672
7.3044e-06 40580 636
7.36632e-06 40924 707
7.34778e-06 40821 681
7.34688e-06 40816 695
7.33608e-06 40756 680
7.326e-06 40700 651
7.3485e-06 40825 682
7.36578e-06 40921 706
7.33464e-06 40748 678
7.326e-06 40700 666
7.3519199999999996e-06 40844 687
7.35642e-06 40869 693
7.34688e-06 40816 680
7.34904e-06 40828 698
7.32312e-06 40684 662
7.33176e-06 40732 659
7.34994e-06 40833 684
7.3600199999999995e-06 40889 698
7.3404e-06 40780 686
7.34328e-06 40796 690
7.36848e-06 40936 710
7.36632e-06 40924 707
7.3425599999999995e-06 40792 689
7.32582e-06 40699 651
7.3425599999999995e-06 40792 674
7.32384e-06 40688 648
7.2972e-06 40540 626
7.29e-06 40500 616
7.30458e-06 40581 621
7.3296e-06 40720 656
7.3215e-06 40675 645
7.31304e-06 40628 648
7.28352e-06 40464 607
7.29666e-06 40537 610
7.31538e-06 40641 636
7.33122e-06 40729 658
7.31808e-06 40656 655
7.30296e-06 40572 634
7.32618e-06 40701 651
7.31376e-06 40632 634
7.32816e-06 40712 654
7.29864e-06 40548 628
7.29072e-06 40504 617
7.32186e-06 40677 645
7.2820799999999996e-06 40456 590
7.2648e-06 40360 566
7.24176e-06 40232 549
7.25976e-06 40332 574
7.27578e-06 40421 581
7.26858e-06 40381 571
7.26696e-06 40372 569
7.25616e-06 40312 569
7.2901799999999995e-06 40501 601
7.28136e-06 40452 589
7.26768e-06 40376 570
7.23312e-06 40184 537
7.26552e-06 40364 582
7.27794e-06 40433 584
7.2828e-06 40460 591
7.27146e-06 40397 575
7.28928e-06 40496 615
7.31322e-06 40629 633
7.3116e-06 40620 631
7.29162e-06 40509 603
7.25472e-06 40304 567
7.25616e-06 40312 569
7.2727199999999995e-06 40404 577
7.26822e-06 40379 571
7.31376e-06 40632 634
7.17984e-06 39888 463
7.15752e-06 39764 432
7.14384e-06 39688 398
7.18848e-06 39936 460
7.19802e-06 39989 473
7.21224e-06 40068 508
7.16328e-06 39796 440
7.22808e-06 40156 515
7.27056e-06 40392 574
7.2612e-06 40340 576
7.26336e-06 40352 579
7.27974e-06 40443 587
7.2333e-06 40185 522
7.33536e-06 40752 664
7.25184e-06 40288 563
7.14456e-06 39692 414
7.26408e-06 40356 565
7.2639e-06 40355 565
7.26264e-06 40348 563
7.32456e-06 40692 664
7.26408e-06 40356 580
7.26498e-06 40361 566
7.2525599999999996e-06 40292 549
7.21296e-06 40072 494
7.14456e-06 39692 414
7.19424e-06 39968 483
7.32816e-06 40712 654
7.23402e-06 40189 523
7.35264e-06 40848 688
7.32528e-06 40696 665
7.23888e-06 40216 545
7.32024e-06 40668 643
7.27866e-06 40437 585
7.29144e-06 40508 618
7.26624e-06 40368 583
7.2820799999999996e-06 40456 590
7.28874e-06 40493 599
7.28658e-06 40481 596
7.2756e-06 40420 596
7.24896e-06 40272 559
7.37424e-06 40968 718
7.27056e-06 40392 574
7.31664e-06 40648 638
7.35552e-06 40864 707
7.18776e-06 39932 474
7.23528e-06 40196 525
7.24176e-06 40232 534
7.27416e-06 40412 579
7.29216e-06 40512 619
7.31592e-06 40644 652
7.28712e-06 40484 597
7.28424e-06 40468 593
7.40394e-06 41133 759
7.34472e-06 40804 692
7.29936e-06 40552 614
7.32618e-06 40701 651
7.3116e-06 40620 631
7.28568e-06 40476 610
7.31448e-06 40636 650
7.3188e-06 40660 641
7.30926e-06 40607 628
7.2972e-06 40540 626
7.29432e-06 40524 622
7.29882e-06 40549 613
7.28082e-06 40449 588
7.26606e-06 40367 568
7.39368e-06 41076 760
7.3656e-06 40920 721
7.3044e-06 40580 621
7.3008e-06 40560 616
7.30656e-06 40592 639
7.31952e-06 40664 657
7.34328e-06 40796 675
7.33626e-06 40757 665
7.3332e-06 40740 661
7.30656e-06 40592 639
7.30512e-06 40584 637
7.31304e-06 40628 633
7.32816e-06 40712 654
7.31808e-06 40656 640
7.29432e-06 40524 622
7.27416e-06 40412 594
7.29918e-06 40551 614
7.40952e-06 41164 767
7.24752e-06 40264 557
7.25328e-06 40296 565
7.21566e-06 40087 498
7.23312e-06 40184 522
7.23042e-06 40169 518
7.21512e-06 40084 512
7.20504e-06 40028 498
7.23978e-06 40221 531
7.24122e-06 40229 533
7.22448e-06 40136 510
7.20432e-06 40024 497
7.21584e-06 40088 513
7.236e-06 40200 526
7.2477e-06 40265 542
7.23834e-06 40213 529
7.24536e-06 40252 554
7.2288e-06 40160 531
7.24482e-06 40249 538
7.27074e-06 40393 574
7.23816e-06 40212 529
7.24752e-06 40264 557
7.27056e-06 40392 589
7.25418e-06 40301 551
7.24464e-06 40248 538
7.2657e-06 40365 567
7.22952e-06 40164 532
7.23096e-06 40172 534
7.26282e-06 40349 563
7.25112e-06 40284 547
7.25022e-06 40279 546
7.31664e-06 40648 653
7.32816e-06 40712 669
7.33518e-06 40751 664
7.3250999999999995e-06 40695 650
7.32816e-06 40712 654
7.31016e-06 40612 644
7.29936e-06 40552 629
7.31016e-06 40612 629
7.30296e-06 40572 619
7.31592e-06 40644 637
7.33536e-06 40752 679
7.33176e-06 40732 674
7.3152e-06 40640 636
7.30296e-06 40572 619
7.2901799999999995e-06 40501 601
7.29144e-06 40508 618
7.30008e-06 40556 630
7.32384e-06 40688 648
7.30296e-06 40572 619
7.3008e-06 40560 631
7.30368e-06 40576 635
7.34202e-06 40789 673
7.30728e-06 40596 625
7.30152e-06 40564 617
7.30656e-06 40592 639
7.29504e-06 40528 623
7.2945e-06 40525 607
7.21674e-06 40093 499
7.2216e-06 40120 506
7.2230399999999995e-06 40128 523
7.19352e-06 39964 482
7.17102e-06 39839 436
7.1856e-06 39920 456
7.2333e-06 40185 522
7.21152e-06 40064 507
7.24608e-06 40256 555
7.23672e-06 40204 527
7.23528e-06 40196 525
7.21512e-06 40084 497
7.20792e-06 40044 502
7.20576e-06 40032 499
7.22178e-06 40121 506
7.22178e-06 40121 506
7.1901e-06 39945 462
7.22232e-06 40124 522
7.24104e-06 40228 548
7.24464e-06 40248 538
7.24968e-06 40276 545
7.2693e-06 40385 572
7.22736e-06 40152 529
7.2108e-06 40060 506
7.23312e-06 40184 522
7.23834e-06 40213 529
7.21872e-06 40104 502
7.20648e-06 40036 500
7.21656e-06 40092 514
7.2333e-06 40185 522
7.20522e-06 40029 483
7.26642e-06 40369 568
7.31016e-06 40612 644
7.27776e-06 40432 599
7.30386e-06 40577 620
7.33194e-06 40733 659
7.29144e-06 40508 618
7.27776e-06 40432 599
7.28856e-06 40492 614
7.25346e-06 40297 550
7.26354e-06 40353 564
7.28928e-06 40496 615
7.28568e-06 40476 610
7.2727199999999995e-06 40404 577
7.37424e-06 40968 718
7.1964e-06 39980 471
7.30584e-06 40588 638
7.26696e-06 40372 584
7.29864e-06 40548 613
7.2504e-06 40280 546
7.2144e-06 40080 496
7.26408e-06 40356 580
7.33032e-06 40724 672
7.2945e-06 40525 607
7.31592e-06 40644 637
7.3044e-06 40580 636
7.23024e-06 40168 533
7.22088e-06 40116 520
7.23942e-06 40219 531
7.26336e-06 40352 564
7.26354e-06 40353 564
7.4052e-06 41140 776
7.28136e-06 40452 604
7.29216e-06 40512 604
7.3196999999999996e-06 40665 642
7.32222e-06 40679 646
7.31808e-06 40656 655
7.28496e-06 40472 609
7.28064e-06 40448 588
7.28514e-06 40473 594
7.29594e-06 40533 609
7.27776e-06 40432 599
7.25472e-06 40304 567
7.33896e-06 40772 669
7.23672e-06 40204 527
7.31322e-06 40629 633
7.29576e-06 40532 624
7.27776e-06 40432 599
7.29432e-06 40524 607
7.2981e-06 40545 612
7.30656e-06 40592 639
7.2828e-06 40460 606
7.31934e-06 40663 642
7.33698e-06 40761 666
7.31376e-06 40632 634
7.30656e-06 40592 639
7.1892e-06 39940 476
7.182e-06 39900 451
7.25184e-06 40288 548
7.25832e-06 40324 572
7.25184e-06 40288 563
7.21872e-06 40104 517
7.27938e-06 40441 586
7.2756e-06 40420 581
7.25328e-06 40296 550
7.24104e-06 40228 548
7.22376e-06 40132 524
7.26264e-06 40348 563
7.2756e-06 40420 581
7.19928e-06 39996 490
7.19784e-06 39988 488
7.28946e-06 40497 600
7.29738e-06 40541 611
7.29234e-06 40513 604
7.2820799999999996e-06 40456 605
7.25688e-06 40316 570
7.30368e-06 40576 620
7.24896e-06 40272 544
7.25616e-06 40312 569
7.2525599999999996e-06 40292 564
7.272e-06 40400 591
7.30098e-06 40561 616
7.2639e-06 40355 565
7.27704e-06 40428 598
7.24104e-06 40228 548
7.25616e-06 40312 569
7.29882e-06 40549 613
7.28136e-06 40452 604
7.29144e-06 40508 618
7.26552e-06 40364 582
7.26696e-06 40372 569
7.2864e-06 40480 596
7.26696e-06 40372 584
7.26408e-06 40356 580
7.27056e-06 40392 589
7.27704e-06 40428 583
7.25904e-06 40328 558
7.26984e-06 40388 588
7.2727199999999995e-06 40404 592
7.26192e-06 40344 577
7.28874e-06 40493 599
7.3116e-06 40620 631
7.29144e-06 40508 618
7.2684e-06 40380 586
7.28352e-06 40464 607
7.3017e-06 40565 617
7.2820799999999996e-06 40456 590
7.25976e-06 40332 574
7.26408e-06 40356 580
7.29144e-06 40508 618
7.344e-06 40800 676
7.34562e-06 40809 678
7.29144e-06 40508 618
7.3116e-06 40620 646
7.33968e-06 40776 685
7.33914e-06 40773 669
7.3413e-06 40785 672
7.32024e-06 40668 658
7.30944e-06 40608 643
7.29144e-06 40508 618
7.32222e-06 40679 646
7.34904e-06 40828 683
7.33896e-06 40772 684
7.32168e-06 40676 660
7.29936e-06 40552 629
7.28802e-06 40489 598
7.308e-06 40600 626
7.3008e-06 40560 631
7.32312e-06 40684 662
7.31376e-06 40632 649
7.31178e-06 40621 631
7.3116e-06 40620 646
7.2756e-06 40420 596
7.27128e-06 40396 590
7.2396e-06 40220 531
7.2585e-06 40325 557
7.26336e-06 40352 579
7.25184e-06 40288 563
7.25616e-06 40312 569
7.2820799999999996e-06 40456 590
7.26264e-06 40348 563
7.2756e-06 40420 596
7.24176e-06 40232 549
7.24608e-06 40256 555
7.29e-06 40500 601
7.27488e-06 40416 580
7.23096e-06 40172 534
7.272e-06 40400 591
7.22664e-06 40148 528
7.23096e-06 40172 519
7.23978e-06 40221 531
7.2396e-06 40220 546
7.27848e-06 40436 600
7.22808e-06 40156 530
7.23528e-06 40196 525
7.27416e-06 40412 579
7.25976e-06 40332 574
7.20792e-06 40044 502
7.28712e-06 40484 612
7.28064e-06 40448 588
7.29576e-06 40532 624
7.25112e-06 40284 562
7.28712e-06 40484 612
7.31502e-06 40639 636
7.31592e-06 40644 637
7.30152e-06 40564 632
7.24464e-06 40248 553
7.27344e-06 40408 593
7.32528e-06 40696 650
7.2945e-06 40525 607
7.27416e-06 40412 594
7.32024e-06 40668 658
7.326e-06 40700 666
7.30098e-06 40561 616
7.27776e-06 40432 584
7.254e-06 40300 566
7.27776e-06 40432 599
7.28784e-06 40488 613
7.28802e-06 40489 598
7.25346e-06 40297 550
7.30152e-06 40564 632
7.27128e-06 40396 590
7.2468e-06 40260 556
7.254e-06 40300 551
7.25112e-06 40284 547
7.24536e-06 40252 554
7.2864e-06 40480 611
7.3017e-06 40565 617
7.30008e-06 40556 630
7.29144e-06 40508 618
7.20432e-06 40024 497
7.22682e-06 40149 513
7.25112e-06 40284 547
7.27704e-06 40428 598
7.27128e-06 40396 590
7.2431999999999995e-06 40240 551
7.33968e-06 40776 670
7.3368e-06 40760 666
7.29432e-06 40524 622
7.30872e-06 40604 642
7.28496e-06 40472 609
7.29504e-06 40528 623
7.31376e-06 40632 634
7.27848e-06 40436 600
7.28712e-06 40484 612
7.32168e-06 40676 660
7.31016e-06 40612 644
7.31898e-06 40661 641
7.2972e-06 40540 611
7.30008e-06 40556 630
7.22664e-06 40148 528
7.33896e-06 40772 684
7.27992e-06 40444 602
7.2504e-06 40280 546
7.27938e-06 40441 586
7.2468e-06 40260 556
7.23528e-06 40196 540
7.272e-06 40400 591
7.272e-06 40400 591
7.28154e-06 40453 589
7.31016e-06 40612 629
7.30512e-06 40584 637
7.29216e-06 40512 619
7.30872e-06 40604 642
7.28136e-06 40452 604
7.28712e-06 40484 597
7.24914e-06 40273 544
7.27344e-06 40408 593
7.29936e-06 40552 629
7.2792e-06 40440 601
7.28856e-06 40492 614
7.28928e-06 40496 615
7.26336e-06 40352 579
7.28568e-06 40476 595
7.2693e-06 40385 572
7.26264e-06 40348 578
7.29504e-06 40528 623
7.32024e-06 40668 658
7.3223999999999996e-06 40680 661
7.31592e-06 40644 637
7.32546e-06 40697 650
7.23816e-06 40212 544
7.25616e-06 40312 569
7.28712e-06 40484 612
7.31736e-06 40652 654
7.28856e-06 40492 599
7.326e-06 40700 651
7.29504e-06 40528 623
7.29648e-06 40536 625
7.31232e-06 40624 647
7.32384e-06 40688 648
7.32888e-06 40716 655
7.31898e-06 40661 641
7.34832e-06 40824 697
7.32384e-06 40688 663
7.3022399999999996e-06 40568 633
7.2936e-06 40520 621
7.30062e-06 40559 616
7.30944e-06 40608 628
7.31448e-06 40636 650
7.31016e-06 40612 644
7.29504e-06 40528 623
7.28856e-06 40492 614
7.3044e-06 40580 621
7.29504e-06 40528 608
7.32312e-06 40684 662
7.33104e-06 40728 673
7.30656e-06 40592 639
7.30656e-06 40592 624
7.32816e-06 40712 654
7.30008e-06 40556 630
7.30512e-06 40584 637
7.2864e-06 40480 611
7.28856e-06 40492 614
7.32096e-06 40672 644
7.3223999999999996e-06 40680 646
7.3188e-06 40660 641
7.29504e-06 40528 623
7.2928799999999995e-06 40516 620
7.28856e-06 40492 614
7.28712e-06 40484 612
7.29594e-06 40533 609
7.34544e-06 40808 678
7.32528e-06 40696 665
7.2972e-06 40540 626
7.29648e-06 40536 625
7.28568e-06 40476 610
7.30458e-06 40581 621
7.30728e-06 40596 625
7.3223999999999996e-06 40680 661
7.308e-06 40600 641
7.29792e-06 40544 627
7.31448e-06 40636 650
7.33104e-06 40728 658
7.33248e-06 40736 660
7.30728e-06 40596 640
7.30872e-06 40604 642
7.25976e-06 40332 574
7.27632e-06 40424 582
7.28928e-06 40496 600
7.25832e-06 40324 572
7.24752e-06 40264 557
7.25616e-06 40312 569
7.29054e-06 40503 602
7.28658e-06 40481 596
7.25184e-06 40288 563
7.25184e-06 40288 563
7.32888e-06 40716 670
7.31808e-06 40656 640
7.31394e-06 40633 634
7.326e-06 40700 666
7.28424e-06 40468 608
7.30728e-06 40596 640
7.34382e-06 40799 676
7.32384e-06 40688 648
7.33032e-06 40724 672
7.2928799999999995e-06 40516 620
7.29864e-06 40548 628
7.29792e-06 40544 612
7.27848e-06 40436 600
7.27848e-06 40436 600
7.28928e-06 40496 615
7.30854e-06 40603 627
7.32024e-06 40668 643
7.29792e-06 40544 627
7.32456e-06 40692 664
7.31448e-06 40636 650
7.32672e-06 40704 652
7.35552e-06 40864 692
7.33752e-06 40764 682
7.33608e-06 40756 680
7.344e-06 40800 691
7.33032e-06 40724 657
7.3332e-06 40740 661
7.28856e-06 40492 614
7.26984e-06 40388 588
7.26768e-06 40376 585
7.26264e-06 40348 563
7.27416e-06 40412 579
7.29e-06 40500 616
7.31232e-06 40624 647
7.28064e-06 40448 603
7.24896e-06 40272 544
7.26192e-06 40344 562
7.25904e-06 40328 573
7.29072e-06 40504 617
7.272e-06 40400 591
7.25184e-06 40288 548
7.24824e-06 40268 543
7.28352e-06 40464 607
7.31088e-06 40616 645
7.3116e-06 40620 646
7.29378e-06 40521 606
7.29666e-06 40537 610
7.27056e-06 40392 589
7.2504e-06 40280 561
7.19568e-06 39976 485
7.24176e-06 40232 534
7.2756e-06 40420 581
7.2684e-06 40380 586
7.22448e-06 40136 525
7.2396e-06 40220 546
7.2e-06 40000 476
7.2036e-06 40020 481
7.26768e-06 40376 585
7.26048e-06 40336 575
7.29936e-06 40552 629
7.28802e-06 40489 598
7.29144e-06 40508 603
7.30872e-06 40604 642
7.28712e-06 40484 612
7.29648e-06 40536 625
7.29432e-06 40524 607
7.2552599999999995e-06 40307 553
7.24752e-06 40264 557
7.23744e-06 40208 543
7.22592e-06 40144 527
7.29594e-06 40533 609
7.3022399999999996e-06 40568 633
7.28784e-06 40488 613
7.29648e-06 40536 625
7.27146e-06 40397 575
7.2792e-06 40440 586
7.2828e-06 40460 606
7.29432e-06 40524 622
7.28136e-06 40452 604
7.3188e-06 40660 641
7.30728e-06 40596 625
7.25976e-06 40332 574
7.25688e-06 40316 570
7.23744e-06 40208 543
7.3548e-06 40860 691
7.30242e-06 40569 618
7.23312e-06 40184 537
7.2828e-06 40460 606
7.2828e-06 40460 606
7.28568e-06 40476 595
7.27848e-06 40436 585
7.23672e-06 40204 542
7.23816e-06 40212 544
7.2648e-06 40360 581
7.27362e-06 40409 578
7.28568e-06 40476 595
7.2864e-06 40480 611
7.38432e-06 41024 732
7.34166e-06 40787 673
7.29936e-06 40552 629
7.34328e-06 40796 690
7.33482e-06 40749 663
7.29864e-06 40548 613
7.3368e-06 40760 666
7.32096e-06 40672 659
7.38864e-06 41048 753
7.37784e-06 40988 723
7.34022e-06 40779 671
7.34544e-06 40808 693
7.3022399999999996e-06 40568 633
7.34058e-06 40781 671
7.35768e-06 40876 695
7.33554e-06 40753 664
7.32456e-06 40692 664
7.32096e-06 40672 659
7.344e-06 40800 676
7.38522e-06 41029 733
7.31952e-06 40664 642
7.32312e-06 40684 662
7.34904e-06 40828 698
7.33536e-06 40752 679
7.35048e-06 40836 685
7.3413e-06 40785 672
7.30656e-06 40592 639
7.33464e-06 40748 678
7.3557e-06 40865 692
7.35696e-06 40872 694
7.35408e-06 40856 690
7.3584e-06 40880 711
7.35696e-06 40872 709
7.27866e-06 40437 585
7.27056e-06 40392 574
7.25346e-06 40297 550
7.23816e-06 40212 544
7.23816e-06 40212 544
7.24176e-06 40232 534
7.2648e-06 40360 566
7.2864e-06 40480 596
7.25976e-06 40332 574
7.25544e-06 40308 568
7.27146e-06 40397 575
7.2549e-06 40305 552
7.25544e-06 40308 553
7.27416e-06 40412 594
7.24824e-06 40268 543
7.26768e-06 40376 570
7.26552e-06 40364 582
7.25112e-06 40284 562
7.26408e-06 40356 565
7.25634e-06 40313 554
7.27344e-06 40408 578
7.26768e-06 40376 585
7.26048e-06 40336 575
7.27488e-06 40416 580
7.24878e-06 40271 544
7.26192e-06 40344 562
7.25472e-06 40304 567
7.31952e-06 40664 657
7.30512e-06 40584 622
7.31304e-06 40628 633
7.32384e-06 40688 648
7.3116e-06 40620 646
7.30368e-06 40576 635
7.31448e-06 40636 635
7.31466e-06 40637 635
7.31736e-06 40652 654
7.3008e-06 40560 631
7.31736e-06 40652 639
7.29576e-06 40532 609
7.30728e-06 40596 625
7.30944e-06 40608 643
7.3044e-06 40580 636
7.32168e-06 40676 645
7.31736e-06 40652 639
7.3161e-06 40645 637
7.21224e-06 40068 508
7.24464e-06 40248 538
7.26192e-06 40344 562
7.27344e-06 40408 578
7.25904e-06 40328 573
7.24248e-06 40236 550
7.25634e-06 40313 554
7.23258e-06 40181 521
7.21206e-06 40067 493
7.20216e-06 40012 494
7.19568e-06 39976 485
7.2230399999999995e-06 40128 523
7.25904e-06 40328 558
7.2747e-06 40415 580
7.23312e-06 40184 537
7.2756e-06 40420 581
7.27416e-06 40412 579
7.22016e-06 40112 504
7.20648e-06 40036 500
7.24536e-06 40252 554
7.23168e-06 40176 520
7.2323999999999996e-06 40180 521
7.2252e-06 40140 526
7.26408e-06 40356 580
7.24626e-06 40257 540
7.25706e-06 40317 555
7.26552e-06 40364 567
7.2072e-06 40040 501
7.22088e-06 40116 520
7.33194e-06 40733 659
7.30782e-06 40599 626
7.30368e-06 40576 620
7.3008e-06 40560 631
7.31232e-06 40624 647
7.2864e-06 40480 596
7.28838e-06 40491 599
7.32024e-06 40668 658
7.32096e-06 40672 659
7.30746e-06 40597 625
7.27344e-06 40408 578
7.26624e-06 40368 568
7.26984e-06 40388 588
7.25112e-06 40284 562
7.24464e-06 40248 538
7.24392e-06 40244 537
7.24392e-06 40244 537
7.20576e-06 40032 499
7.21512e-06 40084 512
7.24914e-06 40273 544
7.23384e-06 40188 523
7.23672e-06 40204 527
7.272e-06 40400 591
7.27488e-06 40416 595
7.27848e-06 40436 585
7.26336e-06 40352 564
7.24824e-06 40268 543
7.24968e-06 40276 560
7.2525599999999996e-06 40292 564
7.23798e-06 40211 529
7.2396e-06 40220 531
7.27398e-06 40411 579
7.20648e-06 40036 500
7.16904e-06 39828 448
7.25976e-06 40332 574
7.22538e-06 40141 511
7.26264e-06 40348 563
7.30008e-06 40556 630
7.25616e-06 40312 569
7.23528e-06 40196 525
7.28784e-06 40488 598
7.28802e-06 40489 598
7.26336e-06 40352 579
7.28568e-06 40476 610
7.28154e-06 40453 589
7.2864e-06 40480 596
7.30314e-06 40573 619
7.34184e-06 40788 688
7.2828e-06 40460 591
7.32384e-06 40688 648
7.27848e-06 40436 600
7.34328e-06 40796 690
7.34688e-06 40816 695
7.35606e-06 40867 693
7.2995399999999996e-06 40553 614
7.29576e-06 40532 624
7.2972e-06 40540 626
7.2928799999999995e-06 40516 605
7.2972e-06 40540 611
7.26984e-06 40388 588
7.31448e-06 40636 650
7.2981e-06 40545 612
7.30152e-06 40564 617
7.29216e-06 40512 619
7.26552e-06 40364 582
7.2801e-06 40445 587
7.26318e-06 40351 564
7.25184e-06 40288 563
7.27776e-06 40432 599
7.3809e-06 41005 727
7.3071e-06 40595 625
7.33752e-06 40764 682
7.2525599999999996e-06 40292 564
7.26048e-06 40336 560
7.24896e-06 40272 544
7.21152e-06 40064 507
7.27488e-06 40416 595
7.3152e-06 40640 636
7.24392e-06 40244 537
7.2820799999999996e-06 40456 590
7.25904e-06 40328 573
7.3044e-06 40580 636
7.26786e-06 40377 570
7.26912e-06 40384 572
7.308e-06 40600 641
7.30728e-06 40596 640
7.3368e-06 40760 666
7.28154e-06 40453 589
7.3022399999999996e-06 40568 633
7.3296e-06 40720 671
7.30944e-06 40608 628
7.31592e-06 40644 637
7.2756e-06 40420 596
7.31664e-06 40648 653
7.32312e-06 40684 647
7.30026e-06 40557 615
7.29864e-06 40548 628
7.3188e-06 40660 656
7.32816e-06 40712 654
7.32456e-06 40692 664
7.2576e-06 40320 556
7.31952e-06 40664 642
7.30368e-06 40576 635
7.30728e-06 40596 640
7.2981e-06 40545 612
7.26354e-06 40353 564
7.26696e-06 40372 584
7.30656e-06 40592 639
7.3223999999999996e-06 40680 646
7.27488e-06 40416 580
7.34976e-06 40832 699
7.27848e-06 40436 600
7.3332e-06 40740 676
7.32312e-06 40684 647
7.25706e-06 40317 555
7.22448e-06 40136 525
7.22376e-06 40132 524
7.2525599999999996e-06 40292 549
7.2612e-06 40340 561
7.23744e-06 40208 543
7.24896e-06 40272 559
7.27362e-06 40409 578
7.2684e-06 40380 571
7.2396e-06 40220 546
7.24032e-06 40224 547
7.24338e-06 40241 536
7.24734e-06 40263 542
7.27704e-06 40428 583
7.2504e-06 40280 561
7.236e-06 40200 541
7.24842e-06 40269 543
7.2404999999999995e-06 40225 532
7.22826e-06 40157 515
7.2108e-06 40060 506
7.22376e-06 40132 524
7.2648e-06 40360 566
7.26714e-06 40373 569
7.22232e-06 40124 507
7.23672e-06 40204 542
7.23672e-06 40204 542
7.24392e-06 40244 552
7.33824e-06 40768 668
7.31232e-06 40624 647
7.29648e-06 40536 625
7.2981e-06 40545 612
7.27128e-06 40396 575
7.3116e-06 40620 631
7.30584e-06 40588 638
7.31376e-06 40632 649
7.31898e-06 40661 641
7.30296e-06 40572 619
7.30512e-06 40584 622
7.29072e-06 40504 617
7.2936e-06 40520 621
7.30656e-06 40592 639
7.3368e-06 40760 666
7.34112e-06 40784 672
7.29072e-06 40504 617
7.2864e-06 40480 611
7.33878e-06 40771 669
7.34688e-06 40816 680
7.34112e-06 40784 687
7.344e-06 40800 691
7.2252e-06 40140 511
7.23744e-06 40208 528
7.2e-06 40000 476
7.19424e-06 39968 483
7.21656e-06 40092 514
7.236e-06 40200 526
7.23186e-06 40177 520
7.2288e-06 40160 516
7.19352e-06 39964 482
7.22088e-06 40116 520
7.22934e-06 40163 517
7.21944e-06 40108 503
7.22214e-06 40123 507
7.2e-06 40000 491
7.2072e-06 40040 501
7.22538e-06 40141 511
7.22466e-06 40137 510
7.2230399999999995e-06 40128 523
7.1733599999999995e-06 39852 454
7.23114e-06 40173 519
7.21314e-06 40073 494
7.2072e-06 40040 486
7.20432e-06 40024 497
7.22736e-06 40152 529
7.22016e-06 40112 504
7.18938e-06 39941 461
7.29216e-06 40512 604
7.2792e-06 40440 601
7.20936e-06 40052 504
7.26048e-06 40336 560
7.2431999999999995e-06 40240 536
7.20072e-06 40004 492
7.24104e-06 40228 548
7.20648e-06 40036 500
7.23672e-06 40204 527
7.2072e-06 40040 501
7.2230399999999995e-06 40128 523
7.254e-06 40300 566
7.20432e-06 40024 482
7.2108e-06 40060 491
7.25688e-06 40316 570
7.29576e-06 40532 624
7.31304e-06 40628 633
7.3188e-06 40660 641
7.26048e-06 40336 575
7.2684e-06 40380 586
7.34184e-06 40788 673
7.23528e-06 40196 525
7.25832e-06 40324 557
7.2936e-06 40520 621
7.28352e-06 40464 592
7.24464e-06 40248 538
7.20846e-06 40047 488
7.21296e-06 40072 494
7.26552e-06 40364 582
7.24968e-06 40276 560
7.18776e-06 39932 459
7.16976e-06 39832 434
7.2700199999999996e-06 40389 573
7.26768e-06 40376 585
7.19568e-06 39976 485
7.31088e-06 40616 630
7.26912e-06 40384 572
7.39242e-06 41069 743
7.31592e-06 40644 652
7.28352e-06 40464 607
7.31952e-06 40664 642
7.29792e-06 40544 612
7.29738e-06 40541 611
7.29864e-06 40548 628
7.30368e-06 40576 635
7.29594e-06 40533 609
7.31952e-06 40664 642
7.29864e-06 40548 628
7.22088e-06 40116 520
7.34112e-06 40784 672
7.29144e-06 40508 603
7.30512e-06 40584 622
7.21584e-06 40088 513
7.24536e-06 40252 554
7.2648e-06 40360 566
7.30134e-06 40563 617
7.26192e-06 40344 577
7.25688e-06 40316 570
7.28586e-06 40477 595
7.23888e-06 40216 530
7.2928799999999995e-06 40516 605
7.26192e-06 40344 577
7.28784e-06 40488 613
7.30728e-06 40596 625
7.26912e-06 40384 572
7.28874e-06 40493 599
7.2792e-06 40440 601
7.39296e-06 41072 744
7.34112e-06 40784 672
7.30512e-06 40584 622
7.29936e-06 40552 629
7.3548e-06 40860 691
7.31682e-06 40649 638
7.34184e-06 40788 673
7.35354e-06 40853 689
7.29936e-06 40552 614
7.33464e-06 40748 678
7.33752e-06 40764 682
7.34778e-06 40821 681
7.32456e-06 40692 649
7.30368e-06 40576 635
7.33968e-06 40776 685
7.34904e-06 40828 683
7.37568e-06 40976 720
7.3332e-06 40740 676
7.3107e-06 40615 630
7.29e-06 40500 601
7.2928799999999995e-06 40516 620
7.29234e-06 40513 604
7.27848e-06 40436 585
7.28496e-06 40472 594
7.27632e-06 40424 597
7.2576e-06 40320 571
7.2675e-06 40375 570
7.29216e-06 40512 604
7.29864e-06 40548 628
7.30368e-06 40576 635
7.3017e-06 40565 617
7.31322e-06 40629 633
7.27776e-06 40432 599
7.26264e-06 40348 578
7.308e-06 40600 626
7.29162e-06 40509 603
7.29792e-06 40544 627
7.31304e-06 40628 633
7.30296e-06 40572 619
7.29648e-06 40536 625
7.308e-06 40600 641
7.31736e-06 40652 639
7.3089e-06 40605 627
7.29504e-06 40528 608
7.29864e-06 40548 628
7.32114e-06 40673 644
7.31592e-06 40644 637
7.326e-06 40700 651
7.29936e-06 40552 629
7.27776e-06 40432 599
7.30512e-06 40584 622
7.3017e-06 40565 617
7.30314e-06 40573 619
7.308e-06 40600 641
7.2972e-06 40540 626
7.30152e-06 40564 617
7.3116e-06 40620 631
7.33464e-06 40748 663
7.308e-06 40600 641
7.34328e-06 40796 690
7.37064e-06 40948 713
7.3627199999999995e-06 40904 702
7.3476e-06 40820 681
7.32816e-06 40712 669
7.33392e-06 40744 662
7.35642e-06 40869 693
7.36992e-06 40944 712
7.36128e-06 40896 715
7.34472e-06 40804 692
7.3359e-06 40755 665
7.35714e-06 40873 694
7.34544e-06 40808 678
7.34328e-06 40796 690
7.34976e-06 40832 699
7.35354e-06 40853 689
7.3485e-06 40825 682
7.34112e-06 40784 672
7.3548e-06 40860 706
7.34688e-06 40816 695
7.35246e-06 40847 688
7.35912e-06 40884 697
7.36866e-06 40937 710
7.29072e-06 40504 617
7.28226e-06 40457 590
7.26552e-06 40364 567
7.24536e-06 40252 539
7.25112e-06 40284 562
7.26696e-06 40372 584
7.28154e-06 40453 589
7.28424e-06 40468 593
7.27794e-06 40433 584
7.2648e-06 40360 581
7.2323999999999996e-06 40180 536
7.25634e-06 40313 554
7.2549e-06 40305 552
7.24914e-06 40273 544
7.23384e-06 40188 538
7.23024e-06 40168 533
7.25886e-06 40327 558
7.24752e-06 40264 542
7.28586e-06 40477 595
7.26552e-06 40364 582
7.24176e-06 40232 534
7.25544e-06 40308 553
7.23744e-06 40208 543
7.23024e-06 40168 533
7.26192e-06 40344 577
7.26912e-06 40384 587
7.3152e-06 40640 636
7.27776e-06 40432 584
7.3188e-06 40660 641
7.30872e-06 40604 642
7.25832e-06 40324 572
7.3223999999999996e-06 40680 646
7.23312e-06 40184 522
7.2459e-06 40255 540
7.18128e-06 39896 465
7.25616e-06 40312 569
7.2252e-06 40140 511
7.25274e-06 40293 549
7.24914e-06 40273 544
7.26624e-06 40368 583
7.25544e-06 40308 568
7.26984e-06 40388 573
7.27146e-06 40397 575
7.33176e-06 40732 659
7.2648e-06 40360 581
7.28424e-06 40468 608
7.29738e-06 40541 611
7.34832e-06 40824 682
7.25904e-06 40328 558
7.25688e-06 40316 570
7.27686e-06 40427 583
7.24032e-06 40224 532
7.2477e-06 40265 542
7.23456e-06 40192 539
7.2036e-06 40020 481
7.2288e-06 40160 516
7.3116e-06 40620 631
7.31376e-06 40632 649
7.24824e-06 40268 558
7.32456e-06 40692 649
7.3116e-06 40620 631
7.3341e-06 40745 662
7.29e-06 40500 616
7.31232e-06 40624 647
7.33752e-06 40764 667
7.3089e-06 40605 627
7.30872e-06 40604 642
7.30944e-06 40608 628
7.28064e-06 40448 588
7.32816e-06 40712 654
7.31952e-06 40664 657
7.3116e-06 40620 646
7.26102e-06 40339 561
7.28658e-06 40481 596
7.3188e-06 40660 656
7.30872e-06 40604 642
7.31664e-06 40648 638
7.27074e-06 40393 574
7.26696e-06 40372 569
7.29e-06 40500 616
7.32528e-06 40696 665
7.32528e-06 40696 650
7.24896e-06 40272 559
7.30008e-06 40556 630
7.32096e-06 40672 644
7.28856e-06 40492 599
7.26624e-06 40368 583
7.30152e-06 40564 632
7.27776e-06 40432 584
7.30872e-06 40604 627
7.33752e-06 40764 667
7.2828e-06 40460 606
7.25706e-06 40317 555
7.33824e-06 40768 668
7.24608e-06 40256 555
7.33158e-06 40731 659
7.2972e-06 40540 611
7.29234e-06 40513 604
7.3017e-06 40565 617
7.32024e-06 40668 643
7.30944e-06 40608 643
7.29072e-06 40504 617
7.30152e-06 40564 617
7.25994e-06 40333 559
7.23096e-06 40172 534
7.31376e-06 40632 634
7.31664e-06 40648 638
7.31088e-06 40616 645
7.3044e-06 40580 636
7.3152e-06 40640 636
7.38234e-06 41013 729
7.26552e-06 40364 567
7.31232e-06 40624 647
7.2431999999999995e-06 40240 551
7.30026e-06 40557 615
7.29936e-06 40552 614
7.2525599999999996e-06 40292 564
7.29504e-06 40528 623
7.33698e-06 40761 666
7.3008e-06 40560 616
7.29072e-06 40504 617
7.308e-06 40600 641
7.30512e-06 40584 622
7.2936e-06 40520 606
7.2820799999999996e-06 40456 605
7.27488e-06 40416 580
7.27038e-06 40391 574
7.27632e-06 40424 597
7.2864e-06 40480 611
7.29576e-06 40532 609
7.26192e-06 40344 577
7.26768e-06 40376 585
7.29432e-06 40524 607
7.26714e-06 40373 569
7.25616e-06 40312 569
7.2936e-06 40520 621
7.31592e-06 40644 637
7.2936e-06 40520 606
7.27992e-06 40444 587
7.2648e-06 40360 581
7.26552e-06 40364 582
7.27776e-06 40432 584
7.26498e-06 40361 566
7.24104e-06 40228 548
7.2648e-06 40360 581
7.28154e-06 40453 589
7.30062e-06 40559 616
7.29522e-06 40529 608
7.26696e-06 40372 584
7.28784e-06 40488 613
7.30602e-06 40589 623
7.30368e-06 40576 620
7.2756e-06 40420 581
7.2396e-06 40220 546
7.27776e-06 40432 599
7.30242e-06 40569 618
7.30368e-06 40576 620
7.3017e-06 40565 617
7.31304e-06 40628 648
7.31592e-06 40644 652
7.3179e-06 40655 640
7.31718e-06 40651 639
7.32456e-06 40692 664
7.30008e-06 40556 630
7.3053e-06 40585 622
7.32834e-06 40713 654
7.3188e-06 40660 656
7.32888e-06 40716 655
7.3404e-06 40780 671
7.32456e-06 40692 664
7.32312e-06 40684 662
7.34112e-06 40784 687
7.33392e-06 40744 662
7.32654e-06 40703 652
7.32456e-06 40692 664
7.33392e-06 40744 677
7.32168e-06 40676 660
7.31448e-06 40636 635
7.32816e-06 40712 654
7.31592e-06 40644 652
7.31592e-06 40644 652
7.33176e-06 40732 674
7.32024e-06 40668 643
7.21854e-06 40103 502
7.22448e-06 40136 525
7.25544e-06 40308 568
7.25472e-06 40304 567
7.24896e-06 40272 559
7.26624e-06 40368 568
7.25184e-06 40288 563
7.26336e-06 40352 579
7.24968e-06 40276 560
7.25418e-06 40301 551
7.27146e-06 40397 575
7.24608e-06 40256 555
7.19712e-06 39984 487
7.24176e-06 40232 549
7.26984e-06 40388 573
7.25976e-06 40332 559
7.254e-06 40300 566
7.25832e-06 40324 572
7.2468e-06 40260 556
7.24536e-06 40252 539
7.26048e-06 40336 560
7.26408e-06 40356 580
7.23312e-06 40184 537
7.22592e-06 40144 527
7.2477e-06 40265 542
7.2525599999999996e-06 40292 549
7.21368e-06 40076 510
7.20072e-06 40004 492
7.2323999999999996e-06 40180 536
7.28514e-06 40473 594
7.3044e-06 40580 621
7.28568e-06 40476 610
7.2468e-06 40260 556
7.30818e-06 40601 626
7.34202e-06 40789 673
7.30152e-06 40564 632
7.27632e-06 40424 597
7.2828e-06 40460 606
7.30062e-06 40559 616
7.25994e-06 40333 559
7.29576e-06 40532 624
7.29432e-06 40524 622
7.25184e-06 40288 563
7.218e-06 40100 501
7.28082e-06 40449 588
7.27632e-06 40424 597
7.29504e-06 40528 623
7.28226e-06 40457 590
7.19424e-06 39968 468
7.20576e-06 40032 499
7.22016e-06 40112 519
7.26768e-06 40376 585
7.23528e-06 40196 525
7.28226e-06 40457 590
7.24896e-06 40272 559
7.2e-06 40000 491
7.24464e-06 40248 553
7.25184e-06 40288 548
7.28298e-06 40461 591
7.1424e-06 39680 411
7.26912e-06 40384 587
7.24464e-06 40248 553
7.26426e-06 40357 565
7.2504e-06 40280 561
7.21152e-06 40064 507
7.3223999999999996e-06 40680 646
7.2765e-06 40425 582
7.344e-06 40800 676
7.32096e-06 40672 659
7.30098e-06 40561 616
7.28856e-06 40492 614
7.30386e-06 40577 620
7.2820799999999996e-06 40456 605
7.3332e-06 40740 661
7.29072e-06 40504 602
7.2936e-06 40520 606
7.31016e-06 40612 644
7.2864e-06 40480 611
7.29576e-06 40532 624
7.44066e-06 41337 810
7.31088e-06 40616 645
7.37352e-06 40964 732
7.34616e-06 40812 694
7.3017e-06 40565 617
7.30872e-06 40604 642
7.29216e-06 40512 604
7.32024e-06 40668 658
7.2756e-06 40420 596
7.2350999999999996e-06 40195 525
7.26912e-06 40384 587
7.29792e-06 40544 627
7.26336e-06 40352 579
7.2727199999999995e-06 40404 577
7.2820799999999996e-06 40456 605
7.29432e-06 40524 622
7.30962e-06 40609 628
7.29072e-06 40504 617
7.29216e-06 40512 619
7.33824e-06 40768 668
7.2648e-06 40360 581
7.31466e-06 40637 635
7.31304e-06 40628 648
7.28946e-06 40497 600
7.31664e-06 40648 638
7.23528e-06 40196 540
7.35264e-06 40848 688
7.3089e-06 40605 627
7.29432e-06 40524 622
7.3152e-06 40640 651
7.34886e-06 40827 683
7.3044e-06 40580 636
7.27776e-06 40432 599
7.31502e-06 40639 636
7.28352e-06 40464 607
7.30296e-06 40572 634
7.28496e-06 40472 594
7.36992e-06 40944 727
7.19928e-06 39996 490
7.3764e-06 40980 721
7.27488e-06 40416 595
7.33554e-06 40753 664
7.29432e-06 40524 622
7.28136e-06 40452 589
7.26552e-06 40364 567
7.29072e-06 40504 617
7.30368e-06 40576 635
7.29e-06 40500 616
7.34616e-06 40812 679
7.31502e-06 40639 636
7.28136e-06 40452 604
7.30584e-06 40588 638
7.2928799999999995e-06 40516 620
7.2727199999999995e-06 40404 577
7.29432e-06 40524 622
7.33248e-06 40736 675
7.254e-06 40300 566
7.27398e-06 40411 579
7.24824e-06 40268 558
7.2576e-06 40320 571
7.2756e-06 40420 581
7.27704e-06 40428 598
7.2727199999999995e-06 40404 592
7.29414e-06 40523 607
7.28136e-06 40452 604
7.27704e-06 40428 598
7.27344e-06 40408 578
7.2648e-06 40360 581
7.25904e-06 40328 573
7.3022399999999996e-06 40568 618
7.30746e-06 40597 625
7.28496e-06 40472 609
7.27722e-06 40429 583
7.272e-06 40400 591
7.31448e-06 40636 635
7.3152e-06 40640 636
7.28136e-06 40452 604
7.26264e-06 40348 563
7.2576e-06 40320 571
7.27776e-06 40432 584
7.29936e-06 40552 614
7.30656e-06 40592 639
7.3008e-06 40560 631
7.3223999999999996e-06 40680 661
7.29576e-06 40532 609
7.23384e-06 40188 523
7.32528e-06 40696 665
7.33536e-06 40752 664
7.32096e-06 40672 659
7.28928e-06 40496 615
7.3017e-06 40565 617
7.3223999999999996e-06 40680 661
7.35102e-06 40839 686
7.35066e-06 40837 685
7.33608e-06 40756 680
7.34112e-06 40784 672
7.33824e-06 40768 683
7.31736e-06 40652 654
7.3404e-06 40780 671
7.33752e-06 40764 682
7.32816e-06 40712 669
7.33968e-06 40776 685
7.33752e-06 40764 682
7.35318e-06 40851 689
7.34544e-06 40808 693
7.23672e-06 40204 527
7.23744e-06 40208 543
7.2431999999999995e-06 40240 551
7.2765e-06 40425 582
7.27182e-06 40399 576
7.23024e-06 40168 533
7.23402e-06 40189 523
7.25472e-06 40304 552
7.23816e-06 40212 544
7.24248e-06 40236 550
7.25472e-06 40304 552
7.2396e-06 40220 546
7.24338e-06 40241 536
7.25058e-06 40281 546
7.24752e-06 40264 557
7.2431999999999995e-06 40240 551
7.26048e-06 40336 560
7.25886e-06 40327 558
7.23384e-06 40188 538
7.2288e-06 40160 531
7.35066e-06 40837 685
7.35552e-06 40864 707
7.33752e-06 40764 682
7.35714e-06 40873 694
7.33392e-06 40744 677
7.31448e-06 40636 635
7.30512e-06 40584 637
7.34994e-06 40833 684
7.34346e-06 40797 675
7.22448e-06 40136 525
7.24536e-06 40252 554
7.2396e-06 40220 546
7.23978e-06 40221 531
7.2498599999999996e-06 40277 545
7.23672e-06 40204 542
7.27416e-06 40412 594
7.25472e-06 40304 567
7.2323999999999996e-06 40180 521
7.21818e-06 40101 501
