9.1152e-06 50640 1091
9.20574e-06 51143 1217
9.18126e-06 51007 1183
9.15246e-06 50847 1143
9.02214e-06 50123 962
9.11574e-06 50643 1092
9.17352e-06 50964 1172
9.04104e-06 50228 988
9.19944e-06 51108 1208
9.15192e-06 50844 1142
9.21456e-06 51192 1229
9.06444e-06 50358 1021
9.24318e-06 51351 1269
9.1728e-06 50960 1170
9.15192e-06 50844 1141
9.18288e-06 51016 1184
9.06138e-06 50341 1015
9.19584e-06 51088 1217
9.06552e-06 50364 1036
9.13896e-06 50772 1138
9.09504e-06 50528 1077
9.11016e-06 50612 1098
9.12456e-06 50692 1118
9.09288e-06 50516 1074
9.20664e-06 51148 1232
9.1944e-06 51080 1215
9.14976e-06 50832 1153
9.11952e-06 50664 1111
9.1476e-06 50820 1150
9.20016e-06 51112 1223
9.20448e-06 51136 1229
9.14256e-06 50792 1143
9.1296e-06 50720 1125
9.18432e-06 51024 1201
9.21168e-06 51176 1239
9.2259e-06 51255 1245
9.15822e-06 50879 1151
9.01944e-06 50108 972
9.19872e-06 51104 1221
9.11952e-06 50664 1111
9.14544e-06 50808 1147
9.22806e-06 51267 1248
9.20862e-06 51159 1221
9.14958e-06 50831 1139
9.20214e-06 51123 1212
9.13518e-06 50751 1119
9.19728e-06 51096 1205
9.18918e-06 51051 1194
9.148139999999999e-06 50823 1137
9.1935e-06 51075 1200
9.20574e-06 51143 1217
9.15138e-06 50841 1140
9.21474e-06 51193 1228
9.20502e-06 51139 1215
9.19872e-06 51104 1206
9.21528e-06 51196 1229
9.08424e-06 50468 1047
9.09288e-06 50516 1059
9.1881e-06 51045 1191
9.14976e-06 50832 1138
9.1017e-06 50565 1071
9.21024e-06 51168 1237
9.08856e-06 50492 1068
9.16704e-06 50928 1177
9.15696e-06 50872 1163
9.16776e-06 50932 1178
9.1188e-06 50660 1110
9.07776e-06 50432 1053
9.21744e-06 51208 1247
9.15912e-06 50884 1166
9.02088e-06 50116 974
9.19728e-06 51096 1219
9.05616e-06 50312 1023
9.0648e-06 50360 1035
9.12888e-06 50716 1124
9.21528e-06 51196 1244
9.09792e-06 50544 1081
9.0828e-06 50460 1060
9.1512e-06 50840 1155
9.18144e-06 51008 1197
9.17136e-06 50952 1183
9.14688e-06 50816 1149
9.13824e-06 50768 1137
9.0684e-06 50380 1040
9.23328e-06 51296 1269
9.1836e-06 51020 1200
9.05886e-06 50327 1013
9.04014e-06 50223 987
9.1035e-06 50575 1075
9.10062e-06 50559 1071
9.15408e-06 50856 1145
9.12096e-06 50672 1099
9.2115e-06 51175 1225
9.20664e-06 51148 1218
9.10764e-06 50598 1081
9.17694e-06 50983 1177
9.13518e-06 50751 1119
9.16974e-06 50943 1167
9.1188e-06 50660 1096
9.05976e-06 50332 1014
9.18252e-06 51014 1185
9.20142e-06 51119 1211
9.1008e-06 50560 1070
9.188459999999999e-06 51047 1192
9.05634e-06 50313 1008
9.19656e-06 51092 1203
9.14184e-06 50788 1127
9.20178e-06 51121 1210
9.15048e-06 50836 1154
9.02232e-06 50124 976
9.16848e-06 50936 1179
9.1368e-06 50760 1135
9.08136e-06 50452 1058
9.16344e-06 50908 1172
9.13392e-06 50744 1131
9.165599999999999e-06 50920 1175
9.19296e-06 51072 1213
9.07344e-06 50408 1047
9.13176e-06 50732 1128
9.07704e-06 50428 1052
9.08496e-06 50472 1063
9.22896e-06 51272 1263
9.10512e-06 50584 1091
9.13968e-06 50776 1139
9.08712e-06 50484 1066
9.19008e-06 51056 1209
9.20448e-06 51136 1229
9.22176e-06 51232 1253
9.11088e-06 50616 1099
9.1224e-06 50680 1115
9.11376e-06 50632 1103
9.12024e-06 50668 1112
9.09648e-06 50536 1079
9.12384e-06 50688 1117
9.17568e-06 50976 1189
9.13824e-06 50768 1137
8.99784e-06 49988 942
9.14238e-06 50791 1129
9.12438e-06 50691 1104
9.19296e-06 51072 1199
9.16758e-06 50931 1164
9.1872e-06 51040 1191
9.25416e-06 51412 1284
9.23166e-06 51287 1253
9.15102e-06 50839 1141
9.07398e-06 50411 1034
9.08694e-06 50483 1052
9.15894e-06 50883 1152
9.0702e-06 50390 1029
9.16974e-06 50943 1167
9.08334e-06 50463 1047
9.17406e-06 50967 1173
9.205919999999999e-06 51144 1217
9.18864e-06 51048 1192
9.2016e-06 51120 1210
9.10152e-06 50564 1071
9.17712e-06 50984 1176
9.09504e-06 50528 1062
9.15858e-06 50881 1150
9.0576e-06 50320 1010
9.142739999999999e-06 50793 1128
9.22266e-06 51237 1239
9.04104e-06 50228 987
9.09288e-06 50516 1074
9.0972e-06 50540 1080
9.15912e-06 50884 1166
9.072e-06 50400 1045
9.22104e-06 51228 1252
9.2088e-06 51160 1235
9.17568e-06 50976 1189
9.19008e-06 51056 1209
9.1728e-06 50960 1185
9.15552e-06 50864 1161
9.19872e-06 51104 1221
9.04968e-06 50276 1014
9.12384e-06 50688 1117
9.0972e-06 50540 1080
9.2088e-06 51160 1235
9.125279999999999e-06 50696 1119
9.16848e-06 50936 1179
9.15552e-06 50864 1161
9.14688e-06 50816 1149
9.1224e-06 50680 1115
9.13824e-06 50768 1137
9.18864e-06 51048 1207
9.17622e-06 50979 1176
9.25488e-06 51416 1285
9.15048e-06 50836 1140
9.198e-06 51100 1205
9.16506e-06 50917 1159
9.19998e-06 51111 1208
9.195119999999999e-06 51084 1201
9.18792e-06 51044 1191
9.05976e-06 50332 1028
9.21456e-06 51192 1243
9.1116e-06 50620 1100
9.05112e-06 50284 1016
9.20376e-06 51132 1228
9.08568e-06 50476 1064
9.144e-06 50800 1145
9.14256e-06 50792 1143
9.1116e-06 50620 1100
9.15048e-06 50836 1154
9.19584e-06 51088 1217
9.16344e-06 50908 1172
9.09216e-06 50512 1073
9.11304e-06 50628 1102
9.1854e-06 51030 1189
9.0468e-06 50260 996
9.16398e-06 50911 1159
9.0684e-06 50380 1026
9.14976e-06 50832 1139
9.23148e-06 51286 1253
9.21564e-06 51198 1231
9.21744e-06 51208 1233
9.02358e-06 50131 964
9.21744e-06 51208 1233
9.198e-06 51100 1206
9.15102e-06 50839 1141
9.10368e-06 50576 1075
9.12384e-06 50688 1103
9.05094e-06 50283 1002
9.16974e-06 50943 1167
9.15408e-06 50856 1144
9.24552e-06 51364 1271
9.1161e-06 50645 1091
9.15048e-06 50836 1139
9.10296e-06 50572 1088
9.03312e-06 50184 991
9.19296e-06 51072 1213
9.07344e-06 50408 1047
9.16416e-06 50912 1173
9.2124e-06 51180 1240
9.1836e-06 51020 1200
9.03672e-06 50204 996
9.0468e-06 50260 1010
9.04752e-06 50264 1011
9.09648e-06 50536 1079
9.10152e-06 50564 1086
9.20088e-06 51116 1224
9.15768e-06 50876 1164
9.07488e-06 50416 1049
9.21024e-06 51168 1237
9.20304e-06 51128 1227
9.1584e-06 50880 1165
9.16776e-06 50932 1178
9.20664e-06 51148 1232
9.11952e-06 50664 1111
9.16992e-06 50944 1181
9.17352e-06 50964 1186
9.16272e-06 50904 1171
9.162e-06 50900 1170
9.15696e-06 50872 1163
9.03096e-06 50172 974
9.21654e-06 51203 1232
9.15822e-06 50879 1151
9.20574e-06 51143 1217
9.19566e-06 51087 1203
9.16632e-06 50924 1161
9.223379999999999e-06 51241 1240
9.22968e-06 51276 1249
9.03888e-06 50216 984
9.19818e-06 51101 1205
9.20736e-06 51152 1218
9.0648e-06 50360 1020
9.09234e-06 50513 1058
9.08442e-06 50469 1047
9.1251e-06 50695 1104
9.1836e-06 51020 1185
9.11592e-06 50644 1091
9.12654e-06 50703 1106
9.03528e-06 50196 979
9.05418e-06 50301 1005
9.1692e-06 50940 1165
9.14688e-06 50816 1149
9.1116e-06 50620 1100
9.21888e-06 51216 1249
9.07416e-06 50412 1048
9.02664e-06 50148 982
9.165599999999999e-06 50920 1175
9.08568e-06 50476 1064
9.17208e-06 50956 1184
9.2016e-06 51120 1225
9.154799999999999e-06 50860 1160
9.07056e-06 50392 1043
9.1368e-06 50760 1135
9.22104e-06 51228 1252
9.1512e-06 50840 1155
9.13752e-06 50764 1136
9.24912e-06 51384 1291
9.11952e-06 50664 1111
9.19872e-06 51104 1221
9.16992e-06 50944 1181
9.0864e-06 50480 1051
9.05526e-06 50307 1008
9.205919999999999e-06 51144 1217
9.17946e-06 50997 1179
9.2043e-06 51135 1215
9.15102e-06 50839 1141
9.16128e-06 50896 1155
9.20142e-06 51119 1211
9.21006e-06 51167 1223
9.15192e-06 50844 1142
9.21366e-06 51187 1228
9.23724e-06 51318 1261
9.20862e-06 51159 1221
9.19566e-06 51087 1203
9.19278e-06 51071 1199
9.188459999999999e-06 51047 1193
9.1224e-06 50680 1100
9.20376e-06 51132 1213
9.14616e-06 50812 1133
9.172259999999999e-06 50957 1169
9.12186e-06 50677 1099
9.12816e-06 50712 1108
9.01566e-06 50087 952
9.17856e-06 50992 1193
9.15192e-06 50844 1156
9.19008e-06 51056 1209
9.17856e-06 50992 1193
9.17568e-06 50976 1189
9.1512e-06 50840 1155
9.19656e-06 51092 1218
9.15696e-06 50872 1163
9.1728e-06 50960 1185
9.1584e-06 50880 1165
9.17424e-06 50968 1187
9.19296e-06 51072 1213
9.19296e-06 51072 1213
9.13824e-06 50768 1137
9.18576e-06 51032 1203
9.1872e-06 51040 1205
9.19224e-06 51068 1212
9.14184e-06 50788 1142
9.11736e-06 50652 1108
9.095759999999999e-06 50532 1078
9.1764e-06 50980 1190
9.04968e-06 50276 1014
9.18288e-06 51016 1199
9.11808e-06 50656 1109
9.07848e-06 50436 1054
9.198e-06 51100 1206
9.02808e-06 50156 970
9.13104e-06 50728 1113
9.17784e-06 50988 1177
9.14616e-06 50812 1133
9.18792e-06 51044 1191
9.20034e-06 51113 1208
9.0684e-06 50380 1025
9.25002e-06 51389 1277
9.09216e-06 50512 1058
9.06138e-06 50341 1015
9.20952e-06 51164 1221
9.08496e-06 50472 1048
9.2259e-06 51255 1244
9.095759999999999e-06 50532 1078
9.18e-06 51000 1195
9.17568e-06 50976 1189
9.1944e-06 51080 1215
9.10512e-06 50584 1091
9.04104e-06 50228 1002
9.12888e-06 50716 1124
9.12384e-06 50688 1117
9.09648e-06 50536 1079
9.21312e-06 51184 1241
9.20016e-06 51112 1223
9.205919999999999e-06 51144 1231
9.17424e-06 50968 1187
9.10368e-06 50576 1089
9.04392e-06 50244 1006
9.27504e-06 51528 1327
9.16056e-06 50892 1168
9.1764e-06 50980 1190
9.20736e-06 51152 1233
9.198e-06 51100 1220
9.17424e-06 50968 1187
9.1296e-06 50720 1125
9.07704e-06 50428 1052
9.19584e-06 51088 1217
9.05976e-06 50332 1028
9.11376e-06 50632 1103
9.18432e-06 51024 1201
9.07182e-06 50399 1031
9.17208e-06 50956 1184
9.05256e-06 50292 1018
9.198e-06 51100 1220
9.07776e-06 50432 1053
9.14472e-06 50804 1146
9.14976e-06 50832 1153
9.20736e-06 51152 1233
9.095759999999999e-06 50532 1078
9.2088e-06 51160 1235
9.13968e-06 50776 1139
9.17064e-06 50948 1182
9.20088e-06 51116 1224
9.1539e-06 50855 1145
9.04662e-06 50259 996
9.28926e-06 51607 1333
9.13104e-06 50728 1112
9.09558e-06 50531 1064
9.20142e-06 51119 1211
9.07758e-06 50431 1039
9.0891e-06 50495 1055
9.19278e-06 51071 1199
9.07056e-06 50392 1029
9.136079999999999e-06 50756 1120
9.2223e-06 51235 1240
9.06894e-06 50383 1027
9.07542e-06 50419 1036
9.177659999999999e-06 50987 1178
9.1539e-06 50855 1145
9.13968e-06 50776 1124
9.04374e-06 50243 991
9.12168e-06 50676 1099
9.0828e-06 50460 1045
9.16056e-06 50892 1168
9.19008e-06 51056 1209
9.10224e-06 50568 1087
9.14616e-06 50812 1148
9.13752e-06 50764 1136
9.13824e-06 50768 1137
9.14544e-06 50808 1147
9.17856e-06 50992 1193
9.18576e-06 51032 1203
9.08064e-06 50448 1057
9.14112e-06 50784 1141
9.126e-06 50700 1120
9.05616e-06 50312 1023
9.0828e-06 50460 1060
9.2448e-06 51360 1285
9.15552e-06 50864 1161
9.13464e-06 50748 1132
9.14328e-06 50796 1144
9.2124e-06 51180 1226
9.0612e-06 50340 1030
9.18144e-06 51008 1197
8.99784e-06 49988 942
9.12312e-06 50684 1116
9.18216e-06 51012 1198
9.15768e-06 50876 1164
9.22248e-06 51236 1240
9.06696e-06 50372 1024
9.20916e-06 51162 1222
9.0711e-06 50395 1030
9.13392e-06 50744 1117
9.21582e-06 51199 1231
9.20376e-06 51132 1213
9.16128e-06 50896 1154
9.20808e-06 51156 1234
9.20736e-06 51152 1233
9.02232e-06 50124 976
9.17352e-06 50964 1186
9.21816e-06 51212 1248
9.11736e-06 50652 1108
9.18288e-06 51016 1199
9.12456e-06 50692 1118
9.14688e-06 50816 1149
9.13104e-06 50728 1127
9.17496e-06 50972 1188
9.13968e-06 50776 1139
9.15984e-06 50888 1167
9.06696e-06 50372 1038
9.0612e-06 50340 1030
9.125279999999999e-06 50696 1119
9.20952e-06 51164 1236
9.19872e-06 51104 1221
9.18504e-06 51028 1202
9.10656e-06 50592 1093
9.18288e-06 51016 1199
9.06336e-06 50352 1033
9.13824e-06 50768 1137
9.19296e-06 51072 1213
9.05472e-06 50304 1021
9.05472e-06 50304 1021
9.216e-06 51200 1245
9.19296e-06 51072 1213
9.1584e-06 50880 1165
9.1728e-06 50960 1185
9.205919999999999e-06 51144 1231
9.2124e-06 51180 1240
9.07344e-06 50408 1047
9.1692e-06 50940 1180
9.16128e-06 50896 1169
9.14256e-06 50792 1143
9.17838e-06 50991 1179
9.13464e-06 50748 1132
9.07272e-06 50404 1046
9.13968e-06 50776 1139
9.13248e-06 50736 1129
9.14328e-06 50796 1144
9.0972e-06 50540 1080
9e-06 50000 945
9.13536e-06 50752 1133
9.13536e-06 50752 1133
9.165599999999999e-06 50920 1175
9.17712e-06 50984 1191
9.13752e-06 50764 1136
9.12312e-06 50684 1116
9.2052e-06 51140 1230
9.14472e-06 50804 1146
9.14184e-06 50788 1142
9.14976e-06 50832 1153
9.136079999999999e-06 50756 1134
9.1512e-06 50840 1155
9.18072e-06 51004 1196
9.03888e-06 50216 999
9.21312e-06 51184 1241
9.14112e-06 50784 1141
9.11808e-06 50656 1109
9.18432e-06 51024 1201
9.16992e-06 50944 1181
9.09504e-06 50528 1077
9.11592e-06 50644 1106
9.10728e-06 50596 1080
9.1071e-06 50595 1080
9.20502e-06 51139 1216
9.1179e-06 50655 1095
9.16272e-06 50904 1171
9.10512e-06 50584 1091
9.0684e-06 50380 1040
9.21888e-06 51216 1249
9.17856e-06 50992 1193
9.1692e-06 50940 1180
9.0648e-06 50360 1035
9.01944e-06 50108 972
9.07272e-06 50404 1046
9.07128e-06 50396 1044
9.10656e-06 50592 1093
9.1152e-06 50640 1105
9.1044e-06 50580 1090
9.09216e-06 50512 1073
9.17712e-06 50984 1191
9.10656e-06 50592 1093
9.0648e-06 50360 1035
9.0828e-06 50460 1060
9.0648e-06 50360 1035
9.15984e-06 50888 1167
9.15336e-06 50852 1158
9.07056e-06 50392 1043
9.09936e-06 50552 1083
9.195119999999999e-06 51084 1216
9.16416e-06 50912 1173
9.1872e-06 51040 1205
9.16128e-06 50896 1169
9.12672e-06 50704 1121
8.99928e-06 49996 944
9.0864e-06 50480 1065
9.20376e-06 51132 1228
9.11232e-06 50624 1101
9.19152e-06 51064 1211
9.20808e-06 51156 1234
9.13896e-06 50772 1138
9.12096e-06 50672 1113
9.0756e-06 50420 1050
9.18e-06 51000 1195
9.05184e-06 50288 1017
9.0684e-06 50380 1040
9.10512e-06 50584 1091
9.198e-06 51100 1220
9.02376e-06 50132 978
9.21456e-06 51192 1243
9.18558e-06 51031 1188
9.12168e-06 50676 1099
9.16146e-06 50897 1154
9.23418e-06 51301 1255
9.048779999999999e-06 50271 998
9.15498e-06 50861 1145
9.14976e-06 50832 1138
9.08946e-06 50497 1054
9.12024e-06 50668 1097
9.18378e-06 51021 1185
9.09792e-06 50544 1066
9.10242e-06 50569 1072
9.13896e-06 50772 1123
9.07344e-06 50408 1032
9.0801e-06 50445 1041
9.21528e-06 51196 1229
9.08784e-06 50488 1052
9.18594e-06 51033 1188
9.19008e-06 51056 1194
9.13464e-06 50748 1132
9.11376e-06 50632 1103
9.22608e-06 51256 1259
9.16128e-06 50896 1169
9.20952e-06 51164 1236
9.12456e-06 50692 1118
9.06192e-06 50344 1031
9.072e-06 50400 1045
9.054e-06 50300 1020
9.06912e-06 50384 1041
9.14544e-06 50808 1147
9.19296e-06 51072 1213
9.15048e-06 50836 1154
9.17424e-06 50968 1187
9.14904e-06 50828 1152
9.2196e-06 51220 1250
9.224639999999999e-06 51248 1257
9.07488e-06 50416 1049
9.19872e-06 51104 1221
9.15336e-06 50852 1158
9.1188e-06 50660 1110
8.99784e-06 49988 942
9.1296e-06 50720 1125
9.17784e-06 50988 1192
9.08424e-06 50468 1062
9.11232e-06 50624 1101
9.08424e-06 50468 1062
9.10296e-06 50572 1088
9.14112e-06 50784 1141
9.165599999999999e-06 50920 1175
9.12816e-06 50712 1123
9.2088e-06 51160 1235
9.14688e-06 50816 1149
9.26784e-06 51488 1317
9.08064e-06 50448 1057
9.12384e-06 50688 1117
9.13392e-06 50744 1131
9.01944e-06 50108 972
9.18864e-06 51048 1207
9.16704e-06 50928 1177
9.04392e-06 50244 1006
9.14976e-06 50832 1153
9.066239999999999e-06 50368 1037
9.12312e-06 50684 1116
9.03888e-06 50216 999
9.10656e-06 50592 1093
9.17712e-06 50984 1191
9.09432e-06 50524 1076
9.1971e-06 51095 1205
9.13302e-06 50739 1116
9.10368e-06 50576 1089
9.20736e-06 51152 1233
9.0324e-06 50180 990
9.17712e-06 50984 1191
9.18936e-06 51052 1208
9.20736e-06 51152 1233
9.16704e-06 50928 1177
9.15048e-06 50836 1154
9.11448e-06 50636 1104
9.11088e-06 50616 1099
9.20016e-06 51112 1223
9.03744e-06 50208 997
9.10584e-06 50588 1092
9.22752e-06 51264 1261
9.17712e-06 50984 1191
9.11952e-06 50664 1111
9.20088e-06 51116 1224
9.2196e-06 51220 1250
9.18216e-06 51012 1198
9.11736e-06 50652 1108
9.08496e-06 50472 1063
9.22752e-06 51264 1261
9.04896e-06 50272 1013
9.16128e-06 50896 1169
9.108e-06 50600 1095
9.15912e-06 50884 1166
9.18432e-06 51024 1201
9.20448e-06 51136 1229
9.14688e-06 50816 1149
9.12816e-06 50712 1123
9.19224e-06 51068 1212
9.21024e-06 51168 1237
9.20232e-06 51124 1226
9.17136e-06 50952 1183
9.08928e-06 50496 1069
9.18576e-06 51032 1203
9.20448e-06 51136 1229
9.19728e-06 51096 1219
9.1224e-06 50680 1115
9.22176e-06 51232 1253
9.0855e-06 50475 1050
9.22068e-06 51226 1238
9.21942e-06 51219 1236
9.10278e-06 50571 1073
9.15408e-06 50856 1144
9.22086e-06 51227 1237
9.14346e-06 50797 1129
9.095759999999999e-06 50532 1063
9.13032e-06 50724 1126
9.09864e-06 50548 1082
9.05328e-06 50296 1019
9.18504e-06 51028 1202
9.0936e-06 50520 1075
9.04248e-06 50236 1004
9.18288e-06 51016 1199
9.1332e-06 50740 1130
9.11808e-06 50656 1109
9.17784e-06 50988 1192
9.1296e-06 50720 1125
9.13896e-06 50772 1138
9.19584e-06 51088 1217
9.17568e-06 50976 1189
9.13968e-06 50776 1139
9.13968e-06 50776 1139
9.19296e-06 51072 1213
9.12096e-06 50672 1113
9.126e-06 50700 1120
9.1476e-06 50820 1150
9.05184e-06 50288 1017
9.162e-06 50900 1170
9.19872e-06 51104 1221
9.15552e-06 50864 1161
9.22896e-06 51272 1263
9.1404e-06 50780 1140
9.19656e-06 51092 1218
9.17712e-06 50984 1191
9.16488e-06 50916 1174
9.06192e-06 50344 1031
9.2043e-06 51135 1215
9.09414e-06 50523 1062
9.1071e-06 50595 1080
9.17424e-06 50968 1172
9.11016e-06 50612 1083
9.20736e-06 51152 1218
9.198e-06 51100 1205
9.22032e-06 51224 1236
9.26262e-06 51459 1295
9.13536e-06 50752 1118
9.18504e-06 51028 1187
9.21654e-06 51203 1231
9.18432e-06 51024 1186
9.17514e-06 50973 1173
9.24192e-06 51344 1266
9.09738e-06 50541 1065
9.2097e-06 51165 1221
9.0315e-06 50175 974
9.16056e-06 50892 1153
9.12834e-06 50713 1108
9.12816e-06 50712 1123
9.055439999999999e-06 50308 1022
9.02664e-06 50148 982
9.13968e-06 50776 1139
9.13536e-06 50752 1133
9.07776e-06 50432 1053
9.14904e-06 50828 1152
9.1944e-06 51080 1215
9.11304e-06 50628 1102
9.22176e-06 51232 1253
9.11448e-06 50636 1104
9.03384e-06 50188 992
9.06984e-06 50388 1042
9.18432e-06 51024 1201
9.1944e-06 51080 1215
9.08928e-06 50496 1069
9.13752e-06 50764 1136
9.165599999999999e-06 50920 1175
9.19152e-06 51064 1211
9.13896e-06 50772 1138
9.20664e-06 51148 1232
9.10224e-06 50568 1087
9.16848e-06 50936 1179
9.09144e-06 50508 1072
9.09864e-06 50548 1082
9.18864e-06 51048 1207
9.03816e-06 50212 998
9.08712e-06 50484 1066
9.0756e-06 50420 1050
9.10224e-06 50568 1087
9.12672e-06 50704 1121
9.1764e-06 50980 1190
9.06174e-06 50343 1017
9.1368e-06 50760 1121
9.17856e-06 50992 1178
9.17658e-06 50981 1175
9.19584e-06 51088 1202
9.11394e-06 50633 1088
9.06066e-06 50337 1014
9.19494e-06 51083 1201
9.08064e-06 50448 1042
9.03024e-06 50168 972
9.09936e-06 50552 1068
9.1053e-06 50585 1076
9.10944e-06 50608 1082
9.15912e-06 50884 1151
9.21474e-06 51193 1228
9.10584e-06 50588 1077
9.20736e-06 51152 1233
9.07344e-06 50408 1047
9.05832e-06 50324 1026
9.26784e-06 51488 1317
9.05256e-06 50292 1018
9.11592e-06 50644 1106
9.19008e-06 51056 1209
9.19728e-06 51096 1219
9.19008e-06 51056 1209
9.08712e-06 50484 1066
9.18216e-06 51012 1198
9.0576e-06 50320 1025
9.21888e-06 51216 1249
9.162e-06 50900 1170
9.08496e-06 50472 1063
9.10368e-06 50576 1089
9.19224e-06 51068 1198
9.19134e-06 51063 1197
9.11088e-06 50616 1085
9.1512e-06 50840 1141
9.13446e-06 50747 1118
9.03816e-06 50212 983
9.19602e-06 51089 1202
9.2124e-06 51180 1225
9.10458e-06 50581 1075
9.14202e-06 50789 1127
9.14202e-06 50789 1127
9.136079999999999e-06 50756 1119
9.14832e-06 50824 1136
9.17928e-06 50996 1179
9.1512e-06 50840 1140
9.05328e-06 50296 1004
9.13032e-06 50724 1111
9.12762e-06 50709 1107
9.11394e-06 50633 1088
9.2403e-06 51335 1264
9.18936e-06 51052 1193
9.22842e-06 51269 1247
9.09504e-06 50528 1077
9.0576e-06 50320 1025
9.14976e-06 50832 1153
9.0612e-06 50340 1030
9.144e-06 50800 1145
9.18432e-06 51024 1201
9.08496e-06 50472 1063
9.19728e-06 51096 1219
9.12312e-06 50684 1116
9.21096e-06 51172 1238
9.13896e-06 50772 1138
9.15768e-06 50876 1164
9.06552e-06 50364 1036
9.12672e-06 50704 1121
9.19944e-06 51108 1222
9.1332e-06 50740 1130
9.20376e-06 51132 1228
9.13824e-06 50768 1123
9.09954e-06 50553 1068
9.12258e-06 50681 1100
9.19008e-06 51056 1194
9.1944e-06 51080 1215
9.0936e-06 50520 1075
9.16992e-06 50944 1181
9.16776e-06 50932 1178
9.09e-06 50500 1070
9.11232e-06 50624 1101
9.19872e-06 51104 1221
9.19872e-06 51104 1221
9.13824e-06 50768 1137
9.195119999999999e-06 51084 1216
9.1404e-06 50780 1140
9.1368e-06 50760 1135
9.125279999999999e-06 50696 1119
9.18432e-06 51024 1201
9.07992e-06 50444 1056
9.2052e-06 51140 1230
9.20862e-06 51159 1221
9.1575e-06 50875 1150
9.1998e-06 51110 1209
9.07236e-06 50402 1032
9.1368e-06 50760 1120
9.15894e-06 50883 1151
9.252899999999999e-06 51405 1281
9.03024e-06 50168 973
9.0747e-06 50415 1035
9.10764e-06 50598 1081
9.09414e-06 50523 1062
9.10944e-06 50608 1083
9.23328e-06 51296 1255
9.22068e-06 51226 1238
9.09936e-06 50552 1069
9.06894e-06 50383 1027
9.16992e-06 50944 1167
9.22158e-06 51231 1239
9.1044e-06 50580 1076
9.107819999999999e-06 50599 1081
9.10908e-06 50606 1083
9.08568e-06 50476 1050
9.18864e-06 51048 1207
9.09144e-06 50508 1072
9.21024e-06 51168 1237
9.20376e-06 51132 1228
9.154799999999999e-06 50860 1160
9.12384e-06 50688 1117
9.10872e-06 50604 1096
9.13536e-06 50752 1133
9.17424e-06 50968 1187
9.2232e-06 51240 1255
9.125279999999999e-06 50696 1119
9.0756e-06 50420 1050
9.08136e-06 50452 1058
9.04104e-06 50228 1002
9.19728e-06 51096 1219
9.13248e-06 50736 1129
9.17856e-06 50992 1193
9.18144e-06 51008 1197
9.14616e-06 50812 1148
9.16128e-06 50896 1169
9.162e-06 50900 1170
9.0576e-06 50320 1025
9.19872e-06 51104 1221
9.09504e-06 50528 1077
9.11592e-06 50644 1106
9.10872e-06 50604 1096
9.05382e-06 50299 1006
9.13086e-06 50727 1113
9.23904e-06 51328 1263
9.22446e-06 51247 1243
9.10008e-06 50556 1070
9.21708e-06 51206 1233
9.14472e-06 50804 1132
9.1251e-06 50695 1105
9.198e-06 51100 1206
9.19926e-06 51107 1208
9.16776e-06 50932 1164
9.16182e-06 50899 1156
9.15966e-06 50887 1153
9.054e-06 50300 1005
9.16704e-06 50928 1162
9.13806e-06 50767 1122
9.22266e-06 51237 1239
9.0684e-06 50380 1040
9.19008e-06 51056 1209
9.04968e-06 50276 1014
9.09144e-06 50508 1072
9.03096e-06 50172 988
9.19944e-06 51108 1222
9.12384e-06 50688 1117
9.15336e-06 50852 1158
9.18504e-06 51028 1202
9.01872e-06 50104 971
9.12888e-06 50716 1124
9.05184e-06 50288 1017
9.16992e-06 50944 1181
9.02016e-06 50112 973
9.1836e-06 51020 1200
9.205919999999999e-06 51144 1231
9.11736e-06 50652 1108
9.23904e-06 51328 1277
9.12672e-06 50704 1121
9.07776e-06 50432 1053
9.09288e-06 50516 1074
9.23976e-06 51332 1278
9.19944e-06 51108 1222
9.136079999999999e-06 50756 1134
9.04464e-06 50248 1007
9.13104e-06 50728 1127
9.2052e-06 51140 1230
9.1296e-06 50720 1125
9.1728e-06 50960 1185
9.19224e-06 51068 1212
9.15264e-06 50848 1157
9.224639999999999e-06 51248 1257
9.16056e-06 50892 1168
9.01224e-06 50068 962
9.19872e-06 51104 1221
9.1296e-06 50720 1125
9.19728e-06 51096 1219
9.17712e-06 50984 1191
9.19584e-06 51088 1217
9.12168e-06 50676 1114
9.10512e-06 50584 1091
9.20232e-06 51124 1226
9.1332e-06 50740 1130
9.19296e-06 51072 1213
9.21744e-06 51208 1247
9.18216e-06 51012 1198
9.09144e-06 50508 1072
9.06768e-06 50376 1039
9.15264e-06 50848 1157
9.18072e-06 51004 1196
9.19152e-06 51064 1197
9.1719e-06 50955 1170
9.0963e-06 50535 1065
9.09198e-06 50511 1059
9.03726e-06 50207 983
9.23688e-06 51316 1260
9.22302e-06 51239 1241
9.15246e-06 50847 1143
9.1152e-06 50640 1091
9.0927e-06 50515 1060
9.207179999999999e-06 51151 1219
9.17694e-06 50983 1177
9.21312e-06 51184 1227
9.16218e-06 50901 1155
9.14562e-06 50809 1132
9.14598e-06 50811 1133
9.12096e-06 50672 1098
9.07848e-06 50436 1054
9.14256e-06 50792 1143
9.12096e-06 50672 1113
9.13464e-06 50748 1132
9.05328e-06 50296 1019
9.10728e-06 50596 1094
9.16416e-06 50912 1173
9.136079999999999e-06 50756 1134
9.19728e-06 51096 1219
9.0684e-06 50380 1040
9.1872e-06 51040 1205
9.15408e-06 50856 1159
9.198e-06 51100 1220
9.14688e-06 50816 1149
9.18e-06 51000 1195
9.2043e-06 51135 1215
9.17118e-06 50951 1169
9.20142e-06 51119 1211
9.16758e-06 50931 1164
9.188459999999999e-06 51047 1193
9.22158e-06 51231 1239
9.00774e-06 50043 942
9.15102e-06 50839 1141
9.21456e-06 51192 1229
9.1719e-06 50955 1170
9.20088e-06 51116 1224
9.21168e-06 51176 1239
9.13896e-06 50772 1138
9.23112e-06 51284 1266
9.0144e-06 50080 965
9.165599999999999e-06 50920 1175
9.054e-06 50300 1020
9.22176e-06 51232 1253
9.06768e-06 50376 1039
9.11556e-06 50642 1092
9.07902e-06 50439 1041
9.15048e-06 50836 1140
9.04608e-06 50256 995
9.14382e-06 50799 1131
9.13104e-06 50728 1127
9.1188e-06 50660 1110
9.13248e-06 50736 1129
9.1368e-06 50760 1135
9.11088e-06 50616 1099
9.0972e-06 50540 1080
9.17424e-06 50968 1187
9.10728e-06 50596 1094
9.07056e-06 50392 1043
9.23904e-06 51328 1277
9.205919999999999e-06 51144 1231
9.17856e-06 50992 1193
9.16704e-06 50928 1177
9.07776e-06 50432 1053
9.0855e-06 50475 1050
9.11376e-06 50632 1089
9.17424e-06 50968 1173
9.207e-06 51150 1219
9.1287e-06 50715 1110
9.13014e-06 50723 1112
9.22302e-06 51239 1241
9.2088e-06 51160 1235
9.22104e-06 51228 1252
9.1728e-06 50960 1185
9.072e-06 50400 1045
9.13536e-06 50752 1133
9.12312e-06 50684 1116
9.19224e-06 51068 1212
9.02808e-06 50156 984
9.21456e-06 51192 1243
9.21582e-06 51199 1231
9.21024e-06 51168 1223
9.22302e-06 51239 1241
9.03942e-06 50219 986
9.2151e-06 51195 1230
9.1683e-06 50935 1165
9.22662e-06 51259 1246
9.12942e-06 50719 1111
9.07416e-06 50412 1034
9.20574e-06 51143 1217
9.19998e-06 51111 1209
9.0711e-06 50395 1030
9.17478e-06 50971 1174
9.21132e-06 51174 1225
9.06822e-06 50379 1026
9.20736e-06 51152 1219
9.10512e-06 50584 1076
9.1755e-06 50975 1175
9.12744e-06 50708 1108
9.1908e-06 51060 1195
9.13356e-06 50742 1117
9.1764e-06 50980 1176
9.15246e-06 50847 1143
9.11376e-06 50632 1089
9.1314e-06 50730 1114
9.12852e-06 50714 1110
9.16398e-06 50911 1159
9.17892e-06 50994 1180
9.09702e-06 50539 1066
9.13302e-06 50739 1115
9.20376e-06 51132 1213
9.09792e-06 50544 1066
9.21366e-06 51187 1227
9.10944e-06 50608 1097
9.08784e-06 50488 1067
9.11664e-06 50648 1107
9.02736e-06 50152 983
9.18144e-06 51008 1197
9.20448e-06 51136 1229
9.0972e-06 50540 1080
9.13824e-06 50768 1137
9.14976e-06 50832 1153
9.1728e-06 50960 1185
9.17712e-06 50984 1191
9.14472e-06 50804 1146
9.01224e-06 50068 962
9.054e-06 50300 1020
9.12888e-06 50716 1124
9.1566e-06 50870 1149
9.1368e-06 50760 1121
9.18648e-06 51036 1190
9.13968e-06 50776 1124
9.12402e-06 50689 1102
9.16488e-06 50916 1159
9.23274e-06 51293 1253
9.207179999999999e-06 51151 1219
9.05526e-06 50307 1008
9.15534e-06 50863 1147
9.17064e-06 50948 1168
9.22446e-06 51247 1243
9.14382e-06 50799 1131
9.1899e-06 51055 1195
9.09648e-06 50536 1065
9.02718e-06 50151 969
9.16326e-06 50907 1158
9.17694e-06 50983 1177
9.1863e-06 51035 1190
9.0936e-06 50520 1060
9.19656e-06 51092 1203
9.04392e-06 50244 991
9.23472e-06 51304 1256
9.2565e-06 51425 1286
9.06786e-06 50377 1024
9.13752e-06 50764 1121
9.19674e-06 51093 1203
9.02538e-06 50141 965
9.14112e-06 50784 1126
9.12096e-06 50672 1098
9.235439999999999e-06 51308 1257
9.2196e-06 51220 1235
9.13896e-06 50772 1123
9.12672e-06 50704 1106
9.21528e-06 51196 1229
9.29178e-06 51621 1335
9.15912e-06 50884 1166
9.1728e-06 50960 1185
9.19944e-06 51108 1222
9.09864e-06 50548 1082
9.10512e-06 50584 1091
9.14526e-06 50807 1133
9.03672e-06 50204 996
9.22536e-06 51252 1258
9.18936e-06 51052 1208
9.20448e-06 51136 1229
9.16992e-06 50944 1181
9.15552e-06 50864 1161
9.19296e-06 51072 1213
9.14616e-06 50812 1148
9.05904e-06 50328 1027
9.18432e-06 51024 1201
9.11016e-06 50612 1098
9.26352e-06 51464 1311
9.12996e-06 50722 1112
9.14688e-06 50816 1149
9.18864e-06 51048 1207
9.2196e-06 51220 1236
9.198e-06 51100 1220
9.14904e-06 50828 1152
9.20736e-06 51152 1233
9.17064e-06 50948 1182
9.14328e-06 50796 1144
9.14832e-06 50824 1151
9.19152e-06 51064 1211
9.21024e-06 51168 1237
9.02808e-06 50156 984
9.21456e-06 51192 1243
9.21528e-06 51196 1244
9.2448e-06 51360 1285
9.20376e-06 51132 1213
9.0855e-06 50475 1049
9.1584e-06 50880 1165
9.15552e-06 50864 1161
9.25776e-06 51432 1303
9.14112e-06 50784 1141
9.09432e-06 50524 1076
9.16704e-06 50928 1177
9.24336e-06 51352 1283
9.12888e-06 50716 1124
9.17928e-06 50996 1194
9.15984e-06 50888 1167
9.03744e-06 50208 997
9.0756e-06 50420 1050
9.14832e-06 50824 1151
9.16992e-06 50944 1181
9.21024e-06 51168 1237
9.15984e-06 50888 1167
9.108e-06 50600 1095
9.21726e-06 51207 1233
9.07128e-06 50396 1030
9.10206e-06 50567 1073
9.2196e-06 51220 1235
9.17406e-06 50967 1173
9.21888e-06 51216 1235
9.16128e-06 50896 1155
9.23022e-06 51279 1251
9.10566e-06 50587 1078
9.04374e-06 50243 992
9.19134e-06 51063 1197
9.10278e-06 50571 1074
9.200519999999999e-06 51114 1210
9.19944e-06 51108 1207
9.13104e-06 50728 1112
9.13248e-06 50736 1114
9.10242e-06 50569 1072
9.19296e-06 51072 1213
9.18144e-06 51008 1197
9.06984e-06 50388 1028
9.13302e-06 50739 1116
9.2016e-06 51120 1211
9.11592e-06 50644 1091
9.08766e-06 50487 1053
9.08766e-06 50487 1053
9.22878e-06 51271 1249
9.21456e-06 51192 1229
9.09414e-06 50523 1062
9.10062e-06 50559 1071
9.23598e-06 51311 1259
9.13752e-06 50764 1122
9.11664e-06 50648 1093
8.99622e-06 49979 926
9.06444e-06 50358 1021
9.21006e-06 51167 1223
9.10728e-06 50596 1079
9.10386e-06 50577 1074
9.22608e-06 51256 1244
9.14616e-06 50812 1133
9.11952e-06 50664 1096
9.1503e-06 50835 1140
9.162e-06 50900 1156
9.18558e-06 51031 1189
9.08694e-06 50483 1052
9.22734e-06 51263 1247
9.20502e-06 51139 1216
9.21888e-06 51216 1235
9.17694e-06 50983 1177
9.1467e-06 50815 1135
9.12438e-06 50691 1104
9.18576e-06 51032 1189
9.1665e-06 50925 1161
9.0468e-06 50260 995
9.20232e-06 51124 1211
9.16848e-06 50936 1164
9.08208e-06 50456 1044
9.1701e-06 50945 1166
9.2484e-06 51380 1275
9.10008e-06 50556 1069
9.1116e-06 50620 1085
9.19008e-06 51056 1194
9.1953e-06 51085 1201
9.16434e-06 50913 1158
9.1188e-06 50660 1095
9.15912e-06 50884 1151
9.12096e-06 50672 1098
9.055439999999999e-06 50308 1007
9.20664e-06 51148 1217
9.08424e-06 50468 1062
9.15912e-06 50884 1166
9.10152e-06 50564 1086
9.15336e-06 50852 1158
9.2088e-06 51160 1235
9.19584e-06 51088 1217
9.16992e-06 50944 1181
9.22032e-06 51224 1251
9.12816e-06 50712 1123
9.0612e-06 50340 1030
9.01656e-06 50092 968
9.01872e-06 50104 971
9.162e-06 50900 1170
9.08064e-06 50448 1057
9.21168e-06 51176 1239
9.07848e-06 50436 1054
9.04536e-06 50252 1008
9.16776e-06 50932 1178
9.14616e-06 50812 1134
9.10278e-06 50571 1074
9.11502e-06 50639 1091
9.09792e-06 50544 1066
9.20934e-06 51163 1222
9.0306e-06 50170 974
9.207e-06 51150 1219
9.1566e-06 50870 1149
9.15984e-06 50888 1167
9.10224e-06 50568 1087
9.18216e-06 51012 1198
9.03168e-06 50176 989
9.1512e-06 50840 1155
9.21888e-06 51216 1249
9.21312e-06 51184 1241
9.17568e-06 50976 1189
9.0108e-06 50060 960
9.15768e-06 50876 1164
9.2016e-06 51120 1225
9.10152e-06 50564 1072
9.19152e-06 51064 1211
9.2304e-06 51280 1265
9.22104e-06 51228 1252
9.02304e-06 50128 977
9.14328e-06 50796 1144
9.12384e-06 50688 1117
9.1836e-06 51020 1200
9.13824e-06 50768 1137
9.13032e-06 50724 1126
9.21888e-06 51216 1249
9.13176e-06 50732 1128
9.16272e-06 50904 1171
8.99478e-06 49971 924
9.07704e-06 50428 1052
9.13104e-06 50728 1127
9.05796e-06 50322 1012
9.23184e-06 51288 1267
9.18e-06 51000 1181
9.10098e-06 50561 1070
9.2223e-06 51235 1240
9.20502e-06 51139 1216
9.21024e-06 51168 1223
9.22032e-06 51224 1237
9.19692e-06 51094 1205
9.18126e-06 51007 1183
9.20754e-06 51153 1218
9.21672e-06 51204 1231
9.21078e-06 51171 1223
9.2016e-06 51120 1210
9.10872e-06 50604 1096
9.19584e-06 51088 1217
9.09288e-06 50516 1074
9.1764e-06 50980 1190
9.15552e-06 50864 1161
9.12168e-06 50676 1100
9.13176e-06 50732 1128
9.17856e-06 50992 1193
9.25038e-06 51391 1279
9.08424e-06 50468 1062
9.13824e-06 50768 1137
9.07416e-06 50412 1048
9.054e-06 50300 1020
9.165599999999999e-06 50920 1175
9.2268e-06 51260 1260
9.1836e-06 51020 1185
9.22842e-06 51269 1247
9.05418e-06 50301 1005
9.19368e-06 51076 1199
9.14616e-06 50812 1133
9.09954e-06 50553 1068
9.15192e-06 50844 1141
9.04896e-06 50272 998
9.2151e-06 51195 1229
9.1728e-06 50960 1170
9.18792e-06 51044 1191
9.06714e-06 50373 1023
9.07344e-06 50408 1032
9.09234e-06 50513 1058
9.19224e-06 51068 1197
9.1701e-06 50945 1166
9.11952e-06 50664 1096
9.19656e-06 51092 1203
9.19944e-06 51108 1207
9.03096e-06 50172 973
9.22104e-06 51228 1237
9.16272e-06 50904 1156
9.21762e-06 51209 1232
9.14778e-06 50821 1135
9.12042e-06 50669 1097
9.18648e-06 51036 1189
9.12942e-06 50719 1110
9.08712e-06 50484 1051
9.15264e-06 50848 1142
9.16722e-06 50929 1162
9.224639999999999e-06 51248 1242
9.05616e-06 50312 1008
9.0693e-06 50385 1026
9.17064e-06 50948 1167
9.03888e-06 50216 984
9.24696e-06 51372 1273
9.18936e-06 51052 1208
9.11448e-06 50636 1104
9.136079999999999e-06 50756 1134
9.16992e-06 50944 1181
9.0612e-06 50340 1030
9.19584e-06 51088 1217
9.16128e-06 50896 1169
9.03168e-06 50176 989
9.18576e-06 51032 1203
9.17496e-06 50972 1188
9.16272e-06 50904 1171
9.20016e-06 51112 1223
9.01656e-06 50092 968
9.10728e-06 50596 1094
9.12888e-06 50716 1124
9.01944e-06 50108 972
9.18342e-06 51019 1186
9.16848e-06 50936 1165
9.17496e-06 50972 1173
9.1836e-06 51020 1185
9.198e-06 51100 1205
9.05472e-06 50304 1006
9.108e-06 50600 1080
9.12312e-06 50684 1101
9.235439999999999e-06 51308 1257
9.11952e-06 50664 1096
9.2043e-06 51135 1214
9.23706e-06 51317 1259
9.20538e-06 51141 1215
9.21816e-06 51212 1233
9.20106e-06 51117 1209
9.2448e-06 51360 1270
9.08712e-06 50484 1051
9.20178e-06 51121 1210
9.15048e-06 50836 1139
9.1377e-06 50765 1121
9.17802e-06 50989 1177
9.20898e-06 51161 1220
9.0747e-06 50415 1034
9.14256e-06 50792 1129
9.0999e-06 50555 1070
9.1827e-06 51015 1185
8.982e-06 49900 920
9.24336e-06 51352 1269
9.2007e-06 51115 1210
9.16416e-06 50912 1159
9.24318e-06 51351 1269
9.11736e-06 50652 1094
9.1872e-06 51040 1191
9.13104e-06 50728 1113
9.1476e-06 50820 1135
9.21024e-06 51168 1222
9.14994e-06 50833 1138
9.16938e-06 50941 1165
9.11304e-06 50628 1087
9.21096e-06 51172 1223
9.2088e-06 51160 1220
9.16344e-06 50908 1157
9.02736e-06 50152 968
9.1395e-06 50775 1125
9.12006e-06 50667 1098
9.05832e-06 50324 1012
9.125279999999999e-06 50696 1105
9.17514e-06 50973 1173
9.19224e-06 51068 1197
9.12888e-06 50716 1109
9.1539e-06 50855 1144
9.0909e-06 50505 1056
9.1512e-06 50840 1140
9.08568e-06 50476 1049
9.1089e-06 50605 1081
9.15264e-06 50848 1142
9.0792e-06 50440 1040
9.07776e-06 50432 1038
9.1368e-06 50760 1120
9.12942e-06 50719 1110
9.21978e-06 51221 1235
9.144e-06 50800 1130
9.18126e-06 51007 1182
9.09522e-06 50529 1062
9.16488e-06 50916 1159
9.20214e-06 51123 1211
9.06984e-06 50388 1027
9.12186e-06 50677 1099
9.21384e-06 51188 1227
9.1269e-06 50705 1106
9.0648e-06 50360 1020
9.10872e-06 50604 1081
9.08568e-06 50476 1049
9.2268e-06 51260 1245
9.09234e-06 50513 1058
9.07722e-06 50429 1037
9.21168e-06 51176 1239
9.00504e-06 50028 952
9.20736e-06 51152 1233
9.17064e-06 50948 1182
9.12024e-06 50668 1112
9.10728e-06 50596 1094
9.17208e-06 50956 1184
9.08352e-06 50464 1061
9.1728e-06 50960 1185
9.07776e-06 50432 1053
9.18936e-06 51052 1208
9.1836e-06 51020 1200
9.1368e-06 50760 1135
9.1764e-06 50980 1190
9.00648e-06 50036 954
9.06696e-06 50372 1038
9.216e-06 51200 1245
9.20808e-06 51156 1234
9.14832e-06 50824 1151
9.12744e-06 50708 1122
9.15336e-06 50852 1158
9.0936e-06 50520 1075
9.08712e-06 50484 1066
9.09504e-06 50528 1077
9.14256e-06 50792 1143
9.19494e-06 51083 1202
9.0891e-06 50495 1055
9.08694e-06 50483 1052
9.08262e-06 50459 1046
9.22356e-06 51242 1242
9.13734e-06 50763 1122
9.06048e-06 50336 1029
9.16416e-06 50912 1173
9.095759999999999e-06 50532 1078
9.165599999999999e-06 50920 1175
9.20016e-06 51112 1223
9.1539e-06 50855 1145
9.11142e-06 50619 1086
9.15372e-06 50854 1145
9.10422e-06 50579 1076
9.01872e-06 50104 957
9.20826e-06 51157 1219
9.16146e-06 50897 1154
9.18234e-06 51013 1183
9.12672e-06 50704 1106
9.09666e-06 50537 1064
9.1476e-06 50820 1135
9.126e-06 50700 1105
9.11592e-06 50644 1091
9.09e-06 50500 1055
9.1989e-06 51105 1206
9.21456e-06 51192 1228
9.11664e-06 50648 1093
9.16974e-06 50943 1167
9.19926e-06 51107 1208
9.15048e-06 50836 1140
9.17856e-06 50992 1179
9.07848e-06 50436 1039
9.21114e-06 51173 1223
9.15786e-06 50877 1149
9.20574e-06 51143 1216
9.13896e-06 50772 1123
9.19458e-06 51081 1200
9.21456e-06 51192 1229
9.16038e-06 50891 1154
9.13662e-06 50759 1121
9.01656e-06 50092 954
9.1566e-06 50870 1149
9.21456e-06 51192 1229
9.06552e-06 50364 1036
9.09144e-06 50508 1058
9.05328e-06 50296 1019
9.1764e-06 50980 1190
9.2052e-06 51140 1216
9.12168e-06 50676 1100
9.1584e-06 50880 1151
9.22374e-06 51243 1242
9.0684e-06 50380 1026
9.09432e-06 50524 1062
9.24624e-06 51368 1273
9.21006e-06 51167 1223
9.09432e-06 50524 1076
9.0684e-06 50380 1040
9.20088e-06 51116 1224
9.08064e-06 50448 1057
9.1584e-06 50880 1165
9.1584e-06 50880 1151
9.14094e-06 50783 1127
9.1422e-06 50790 1129
9.17496e-06 50972 1173
9.21546e-06 51197 1229
9.19944e-06 51108 1207
9.198e-06 51100 1205
9.10062e-06 50559 1070
9.09e-06 50500 1055
9.10368e-06 50576 1074
9.18792e-06 51044 1191
9.22176e-06 51232 1238
9.13122e-06 50729 1112
9.16488e-06 50916 1159
9.10998e-06 50611 1084
9.0756e-06 50420 1036
9.205919999999999e-06 51144 1216
9.14256e-06 50792 1128
9.08928e-06 50496 1054
9.1125e-06 50625 1086
9.162e-06 50900 1155
9.0981e-06 50545 1066
9.14922e-06 50829 1137
9.20952e-06 51164 1221
9.0648e-06 50360 1020
9.19728e-06 51096 1204
9.1764e-06 50980 1175
9.16272e-06 50904 1156
9.20232e-06 51124 1211
9.22968e-06 51276 1249
9.10584e-06 50588 1077
9.05184e-06 50288 1002
9.07776e-06 50432 1038
9.11376e-06 50632 1088
9.0612e-06 50340 1015
9.1881e-06 51045 1191
9.13842e-06 50769 1122
9.19206e-06 51067 1197
9.11448e-06 50636 1089
9.21456e-06 51192 1228
9.13194e-06 50733 1113
9.0945e-06 50525 1061
9.25704e-06 51428 1287
9.2025e-06 51125 1211
9.14616e-06 50812 1133
9.09072e-06 50504 1056
9.11952e-06 50664 1096
9.23832e-06 51324 1261
9.0648e-06 50360 1020
9.08226e-06 50457 1044
9.1233e-06 50685 1101
9.1368e-06 50760 1120
9.02448e-06 50136 964
9.07578e-06 50421 1035
9.0369e-06 50205 981
9.19962e-06 51109 1207
9.1368e-06 50760 1120
9.12906e-06 50717 1109
9.16488e-06 50916 1159
9.22536e-06 51252 1243
9.21816e-06 51212 1233
9.0261e-06 50145 966
9.12438e-06 50691 1103
9.06768e-06 50376 1024
9.1764e-06 50980 1175
9.21078e-06 51171 1223
9.08082e-06 50449 1042
9.22176e-06 51232 1253
9.1728e-06 50960 1185
9.16704e-06 50928 1177
9.1584e-06 50880 1151
9.21888e-06 51216 1235
9.0639e-06 50355 1020
9.19296e-06 51072 1199
9.20232e-06 51124 1212
9.14688e-06 50816 1135
9.0531e-06 50295 1005
9.027e-06 50150 969
9.09864e-06 50548 1068
9.14958e-06 50831 1139
9.23382e-06 51299 1256
9.15534e-06 50863 1147
9.17478e-06 50971 1174
9.1089e-06 50605 1081
9.19224e-06 51068 1197
9.1044e-06 50580 1075
9.19638e-06 51091 1203
9.1296e-06 50720 1110
9.22554e-06 51253 1243
9.1944e-06 51080 1200
9.12114e-06 50673 1098
9.13104e-06 50728 1112
9.08514e-06 50473 1048
9.04626e-06 50257 994
9.1872e-06 51040 1190
9.16488e-06 50916 1159
9.154799999999999e-06 50860 1145
9.09936e-06 50552 1068
9.1836e-06 51020 1200
9.12168e-06 50676 1114
9.02232e-06 50124 976
9.13896e-06 50772 1138
9.20448e-06 51136 1229
9.20088e-06 51116 1224
9.12816e-06 50712 1123
9.0927e-06 50515 1060
9.15822e-06 50879 1151
9.06246e-06 50347 1018
9.13392e-06 50744 1131
9.1404e-06 50780 1140
9.12024e-06 50668 1112
9.15696e-06 50872 1163
9.18864e-06 51048 1207
9.22752e-06 51264 1261
9.18792e-06 51044 1206
9.09216e-06 50512 1073
9.02952e-06 50164 986
9.13248e-06 50736 1129
9.18918e-06 51051 1194
9.11916e-06 50662 1097
9.18126e-06 51007 1183
9.19152e-06 51064 1196
9.16632e-06 50924 1161
9.16488e-06 50916 1159
9.07146e-06 50397 1029
9.19368e-06 51076 1199
9.03744e-06 50208 982
9.18342e-06 51019 1186
9.20358e-06 51131 1214
9.20502e-06 51139 1216
9.17118e-06 50951 1169
9.01512e-06 50084 952
9.21294e-06 51183 1227
9.20664e-06 51148 1218
9.19008e-06 51056 1195
9.13572e-06 50754 1120
9.23616e-06 51312 1259
9.108e-06 50600 1080
9.21312e-06 51184 1226
9.03744e-06 50208 982
9.0693e-06 50385 1026
9.10026e-06 50557 1069
9.18288e-06 51016 1184
9.2088e-06 51160 1220
9.13806e-06 50767 1122
9.22986e-06 51277 1249
9.16578e-06 50921 1160
9.20538e-06 51141 1215
9.10962e-06 50609 1082
9.19944e-06 51108 1207
9.15048e-06 50836 1139
9.10872e-06 50604 1081
9.12096e-06 50672 1098
9.05994e-06 50333 1013
9.0396e-06 50220 985
9.10386e-06 50577 1074
9.19098e-06 51061 1195
9.19602e-06 51089 1202
9.1953e-06 51085 1201
9.1116e-06 50620 1085
9.154799999999999e-06 50860 1145
9.18216e-06 51012 1183
9.19944e-06 51108 1207
9.12618e-06 50701 1105
9.02448e-06 50136 964
9.21078e-06 51171 1223
9.20088e-06 51116 1209
9.1161e-06 50645 1091
9.2412e-06 51340 1265
9.24354e-06 51353 1268
9.13626e-06 50757 1119
9.12762e-06 50709 1107
9.15984e-06 50888 1152
9.2673e-06 51485 1301
9.21168e-06 51176 1224
9.14562e-06 50809 1132
9.16488e-06 50916 1159
9.20232e-06 51124 1211
9.11466e-06 50637 1089
9.12168e-06 50676 1099
9.21528e-06 51196 1229
9.125279999999999e-06 50696 1104
9.1584e-06 50880 1165
9.16632e-06 50924 1176
9.195119999999999e-06 51084 1216
9.14544e-06 50808 1147
9.20016e-06 51112 1223
9.17424e-06 50968 1187
9.21528e-06 51196 1244
9.19656e-06 51092 1218
9.19728e-06 51096 1219
9.10656e-06 50592 1093
9.10512e-06 50584 1091
9.19206e-06 51067 1198
9.11376e-06 50632 1089
9.23904e-06 51328 1263
9.2187e-06 51215 1235
9.16614e-06 50923 1162
9.06102e-06 50339 1016
9.09288e-06 50516 1060
9.21456e-06 51192 1229
9.18792e-06 51044 1191
9.2097e-06 51165 1221
9.14112e-06 50784 1126
9.24984e-06 51388 1277
9.14328e-06 50796 1129
9.05616e-06 50312 1008
9.20952e-06 51164 1221
9.21672e-06 51204 1231
9.20304e-06 51128 1212
9.22842e-06 51269 1247
9.12114e-06 50673 1098
9.21762e-06 51209 1232
9.15498e-06 50861 1145
9.18378e-06 51021 1185
9.10296e-06 50572 1073
9.18864e-06 51048 1192
9.06066e-06 50337 1014
9.03312e-06 50184 976
9.18792e-06 51044 1191
9.10296e-06 50572 1088
9.21888e-06 51216 1249
9.18216e-06 51012 1198
9.15192e-06 50844 1156
9.14544e-06 50808 1147
9.11952e-06 50664 1111
9.12024e-06 50668 1112
9.144e-06 50800 1145
9.07056e-06 50392 1043
9.095759999999999e-06 50532 1078
9.18576e-06 51032 1203
9.17712e-06 50984 1191
9.19152e-06 51064 1211
9.17712e-06 50984 1191
9.14184e-06 50788 1142
9.0936e-06 50520 1075
9.06822e-06 50379 1026
9.08784e-06 50488 1053
9.18918e-06 51051 1194
9.15282e-06 50849 1142
9.14958e-06 50831 1138
9.10026e-06 50557 1069
9.11088e-06 50616 1084
9.13464e-06 50748 1117
9.12384e-06 50688 1102
9.09792e-06 50544 1066
9.10224e-06 50568 1072
9.212579999999999e-06 51181 1225
9.20952e-06 51164 1221
9.06336e-06 50352 1018
9.11664e-06 50648 1092
9.15336e-06 50852 1143
9.17352e-06 50964 1171
9.03888e-06 50216 984
9.09738e-06 50541 1065
9.0432e-06 50240 990
9.14778e-06 50821 1135
9.1521e-06 50845 1141
9.19944e-06 51108 1207
9.19782e-06 51099 1205
9.20034e-06 51113 1208
9.06282e-06 50349 1017
9.13464e-06 50748 1117
9.12816e-06 50712 1108
9.19368e-06 51076 1199
9.15066e-06 50837 1139
9.14922e-06 50829 1137
9.10656e-06 50592 1078
9.22608e-06 51256 1244
9.15678e-06 50871 1148
9.21096e-06 51172 1224
9.20034e-06 51113 1208
9.16632e-06 50924 1161
9.125279999999999e-06 50696 1104
9.15336e-06 50852 1143
9.2025e-06 51125 1211
9.15192e-06 50844 1141
9.16344e-06 50908 1157
9.2007e-06 51115 1209
9.17568e-06 50976 1174
9.19062e-06 51059 1195
9.04482e-06 50249 992
9.1224e-06 50680 1100
9.1557e-06 50865 1146
9.16128e-06 50896 1154
9.18936e-06 51052 1193
9.07866e-06 50437 1039
9.1764e-06 50980 1175
9.21546e-06 51197 1229
9.20826e-06 51157 1219
9.13824e-06 50768 1122
9.11808e-06 50656 1094
9.19656e-06 51092 1203
9.22824e-06 51268 1247
9.19602e-06 51089 1202
9.05328e-06 50296 1004
9.1755e-06 50975 1175
9.12384e-06 50688 1103
9.2151e-06 51195 1230
9.17208e-06 50956 1169
9.22608e-06 51256 1259
9.15318e-06 50851 1144
9.07272e-06 50404 1032
9.09342e-06 50519 1061
9.0279e-06 50155 970
9.2286e-06 51270 1249
9.1755e-06 50975 1175
9.21726e-06 51207 1233
9.10422e-06 50579 1076
9.17928e-06 50996 1179
9.22446e-06 51247 1243
9.1755e-06 50975 1175
9.11142e-06 50619 1086
9.05742e-06 50319 1011
9.16758e-06 50931 1164
9.12654e-06 50703 1107
9.13662e-06 50759 1121
9.15264e-06 50848 1143
9.05112e-06 50284 1002
9.15246e-06 50847 1143
9.21708e-06 51206 1233
9.1287e-06 50715 1110
9.18702e-06 51039 1191
9.22014e-06 51223 1237
9.15264e-06 50848 1143
9.15912e-06 50884 1151
9.0891e-06 50495 1055
9.1287e-06 50715 1110
9.20862e-06 51159 1221
9.28152e-06 51564 1322
9.14832e-06 50824 1137
9.1836e-06 51020 1186
9.19566e-06 51087 1203
9.0999e-06 50555 1069
9.04176e-06 50232 988
9.20232e-06 51124 1211
9.22248e-06 51236 1240
9.23166e-06 51287 1253
9.21582e-06 51199 1231
9.09342e-06 50519 1061
9.20142e-06 51119 1211
9.1611e-06 50895 1155
9.1971e-06 51095 1205
9.19404e-06 51078 1201
9.19728e-06 51096 1205
9.11736e-06 50652 1094
9.0972e-06 50540 1066
9.23598e-06 51311 1259
9.1647e-06 50915 1160
9.07848e-06 50436 1040
9.10494e-06 50583 1077
9.19134e-06 51063 1197
9.0351e-06 50195 980
9.15624e-06 50868 1148
9.19638e-06 51091 1204
9.16182e-06 50899 1156
9.1584e-06 50880 1151
9.125279999999999e-06 50696 1105
9.16128e-06 50896 1155
9.10998e-06 50611 1084
9.1836e-06 51020 1186
9.20214e-06 51123 1212
9.10638e-06 50591 1079
9.07254e-06 50403 1032
9.1215e-06 50675 1100
9.15246e-06 50847 1143
9.24876e-06 51382 1277
9.21438e-06 51191 1229
9.12096e-06 50672 1099
9.1035e-06 50575 1075
9.12006e-06 50667 1098
9.16254e-06 50903 1157
9.15192e-06 50844 1142
9.13914e-06 50773 1123
9.11358e-06 50631 1089
9.17694e-06 50983 1177
9.16776e-06 50932 1163
9.13806e-06 50767 1123
9.12366e-06 50687 1103
9.15876e-06 50882 1152
9.18684e-06 51038 1191
9.09774e-06 50543 1067
9.21456e-06 51192 1229
9.11736e-06 50652 1094
9.06606e-06 50367 1023
9.13374e-06 50743 1117
9.15822e-06 50879 1151
9.2268e-06 51260 1246
9.21744e-06 51208 1233
9.2088e-06 51160 1220
9.09468e-06 50526 1063
9.2358e-06 51310 1259
9.20142e-06 51119 1211
9.10926e-06 50607 1083
9.09e-06 50500 1056
9.15984e-06 50888 1153
9.1575e-06 50875 1150
9.1719e-06 50955 1170
9.09756e-06 50542 1067
9.19836e-06 51102 1207
9.17604e-06 50978 1176
9.15462e-06 50859 1146
9.20574e-06 51143 1217
9.14886e-06 50827 1138
9.08028e-06 50446 1043
9.16938e-06 50941 1165
9.06192e-06 50344 1017
9.189e-06 51050 1194
9.10818e-06 50601 1080
9.054e-06 50300 1006
9.21528e-06 51196 1230
9.1908e-06 51060 1195
9.19368e-06 51076 1200
9.07542e-06 50419 1036
9.21438e-06 51191 1229
9.18288e-06 51016 1185
9.04824e-06 50268 998
9.16182e-06 50899 1156
9.09126e-06 50507 1058
9.07056e-06 50392 1029
9.0891e-06 50495 1055
9.21528e-06 51196 1230
9.09072e-06 50504 1057
9.05886e-06 50327 1013
9.212579999999999e-06 51181 1225
9.06246e-06 50347 1018
9.247499999999999e-06 51375 1275
9.0594e-06 50330 1014
9.1395e-06 50775 1125
9.16416e-06 50912 1159
9.12996e-06 50722 1112
9.08694e-06 50483 1052
9.10206e-06 50567 1073
9.16848e-06 50936 1165
9.16416e-06 50912 1158
9.17424e-06 50968 1172
9.18666e-06 51037 1189
9.19818e-06 51101 1205
9.2268e-06 51260 1245
9.11394e-06 50633 1088
9.0576e-06 50320 1010
9.20664e-06 51148 1217
9.19746e-06 51097 1204
9.2367e-06 51315 1259
9.0468e-06 50260 995
9.18144e-06 51008 1183
9.0279e-06 50155 970
9.13662e-06 50759 1121
9.1008e-06 50560 1071
9.23382e-06 51299 1256
9.20016e-06 51112 1209
9.04518e-06 50251 994
9.13032e-06 50724 1112
9.19872e-06 51104 1207
9.08406e-06 50467 1048
9.14742e-06 50819 1136
9.14958e-06 50831 1139
9.1863e-06 51035 1190
9.136079999999999e-06 50756 1120
9.1908e-06 51060 1196
9.20646e-06 51147 1218
9.18774e-06 51043 1192
9.14598e-06 50811 1134
9.20232e-06 51124 1212
9.1251e-06 50695 1105
9.20286e-06 51127 1213
9.13104e-06 50728 1113
9.07974e-06 50443 1042
9.06966e-06 50387 1028
9.08136e-06 50452 1043
9.1233e-06 50685 1101
9.0945e-06 50525 1061
9.13446e-06 50747 1117
9.205919999999999e-06 51144 1216
9.14976e-06 50832 1138
9.06912e-06 50384 1026
9.08064e-06 50448 1042
9.0639e-06 50355 1020
9.07524e-06 50418 1036
9.22014e-06 51223 1237
9.19854e-06 51103 1207
9.16326e-06 50907 1158
9.03654e-06 50203 982
9.08136e-06 50452 1044
9.1368e-06 50760 1121
9.15462e-06 50859 1146
9.2223e-06 51235 1240
9.14526e-06 50807 1133
9.14904e-06 50828 1137
9.16326e-06 50907 1158
9.18126e-06 51007 1183
9.09144e-06 50508 1058
9.15894e-06 50883 1152
9.13662e-06 50759 1121
9.05814e-06 50323 1012
9.19278e-06 51071 1199
9.2088e-06 51160 1221
9.195119999999999e-06 51084 1202
9.12726e-06 50707 1108
9.16038e-06 50891 1154
9.16416e-06 50912 1159
9.07848e-06 50436 1039
9.13698e-06 50761 1120
9.07848e-06 50436 1039
9.04104e-06 50228 987
9.16686e-06 50927 1163
9.07992e-06 50444 1042
9.06336e-06 50352 1019
9.1719e-06 50955 1170
9.1575e-06 50875 1150
9.13374e-06 50743 1117
9.07398e-06 50411 1034
9.09126e-06 50507 1058
9.1467e-06 50815 1135
9.1512e-06 50840 1140
9.15912e-06 50884 1151
9.20232e-06 51124 1211
9.18936e-06 51052 1193
9.125279999999999e-06 50696 1104
9.18504e-06 51028 1187
9.13968e-06 50776 1139
9.1944e-06 51080 1200
9.2025e-06 51125 1211
9.12096e-06 50672 1098
9.15768e-06 50876 1164
9.20646e-06 51147 1218
9.14184e-06 50788 1128
9.09558e-06 50531 1064
9.23166e-06 51287 1253
9.19836e-06 51102 1207
9.08478e-06 50471 1049
9.23238e-06 51291 1254
9.16092e-06 50894 1155
9.09702e-06 50539 1066
9.200519999999999e-06 51114 1210
9.10224e-06 50568 1073
9.17784e-06 50988 1177
9.16362e-06 50909 1157
9.1116e-06 50620 1085
9.07056e-06 50392 1028
9.2817e-06 51565 1321
9.20088e-06 51116 1209
9.0585e-06 50325 1011
9.09432e-06 50524 1061
9.12312e-06 50684 1116
9.19962e-06 51109 1207
9.15066e-06 50837 1139
9.2007e-06 51115 1209
9.06318e-06 50351 1018
9.15984e-06 50888 1167
9.11736e-06 50652 1093
9.18864e-06 51048 1192
9.05472e-06 50304 1021
9.12024e-06 50668 1112
9.11304e-06 50628 1102
9.22176e-06 51232 1253
9.12888e-06 50716 1124
9.04464e-06 50248 1007
9.08136e-06 50452 1058
9.17352e-06 50964 1186
9.23904e-06 51328 1277
9.08064e-06 50448 1057
9.04968e-06 50276 1014
9.1755e-06 50975 1175
9.17352e-06 50964 1172
9.0603e-06 50335 1015
9.16398e-06 50911 1159
9.1935e-06 51075 1200
9.21456e-06 51192 1228
9.21438e-06 51191 1228
9.08352e-06 50464 1046
9.22104e-06 51228 1237
9.13176e-06 50732 1113
9.16488e-06 50916 1159
9.16218e-06 50901 1155
9.25704e-06 51428 1287
9.20664e-06 51148 1217
9.21456e-06 51192 1228
9.08946e-06 50497 1054
9.223379999999999e-06 51241 1240
9.18234e-06 51013 1183
9.11808e-06 50656 1094
9.16758e-06 50931 1163
9.0549e-06 50305 1006
9.13626e-06 50757 1119
9.2052e-06 51140 1215
9.13248e-06 50736 1114
9.20448e-06 51136 1214
9.16722e-06 50929 1162
9.16938e-06 50941 1165
9.14184e-06 50788 1127
9.20664e-06 51148 1217
9.18432e-06 51024 1186
9.22968e-06 51276 1249
9.2088e-06 51160 1220
9.25128e-06 51396 1279
9.16776e-06 50932 1163
9.1269e-06 50705 1106
9.13896e-06 50772 1123
9.18666e-06 51037 1189
9.21312e-06 51184 1226
9.05616e-06 50312 1008
9.0468e-06 50260 995
9.15534e-06 50863 1146
9.21096e-06 51172 1223
9.12168e-06 50676 1099
9.08928e-06 50496 1069
9.19224e-06 51068 1197
9.224639999999999e-06 51248 1242
9.12024e-06 50668 1097
9.2196e-06 51220 1235
9.21888e-06 51216 1234
9.20394e-06 51133 1213
9.19818e-06 51101 1205
9.21528e-06 51196 1229
9.198e-06 51100 1205
9.21312e-06 51184 1226
9.1989e-06 51105 1206
9.16218e-06 50901 1155
9.13824e-06 50768 1137
9.12168e-06 50676 1114
9.21024e-06 51168 1237
9.06048e-06 50336 1029
9.10278e-06 50571 1074
9.17136e-06 50952 1169
9.23022e-06 51279 1251
9.12888e-06 50716 1110
9.21366e-06 51187 1228
9.2304e-06 51280 1251
9.19854e-06 51103 1207
9.08838e-06 50491 1054
9.12726e-06 50707 1108
9.2196e-06 51220 1236
9.0864e-06 50480 1051
9.21726e-06 51207 1233
9.165599999999999e-06 50920 1161
9.15264e-06 50848 1143
9.18126e-06 51007 1183
9.21042e-06 51169 1222
9.2268e-06 51260 1245
9.1188e-06 50660 1095
9.20664e-06 51148 1217
9.18e-06 51000 1180
9.11952e-06 50664 1096
9.0981e-06 50545 1066
9.16128e-06 50896 1154
9.20682e-06 51149 1217
9.2232e-06 51240 1240
9.08496e-06 50472 1048
9.00738e-06 50041 940
9.18378e-06 51021 1185
9.11808e-06 50656 1094
9.17784e-06 50988 1177
9.1863e-06 51035 1189
9.16848e-06 50936 1179
9.13176e-06 50732 1128
9.1188e-06 50660 1110
9.1908e-06 51060 1195
9.20466e-06 51137 1214
9.18864e-06 51048 1192
9.05976e-06 50332 1013
9.18792e-06 51044 1191
9.23688e-06 51316 1259
9.1584e-06 50880 1150
9.01368e-06 50076 949
9.15408e-06 50856 1144
9.08856e-06 50492 1053
9.2097e-06 51165 1221
9.1233e-06 50685 1101
9.17496e-06 50972 1173
9.08856e-06 50492 1053
9.1575e-06 50875 1149
9.03906e-06 50217 984
9.11898e-06 50661 1095
9.048779999999999e-06 50271 998
9.09216e-06 50512 1058
9.10656e-06 50592 1078
9.1332e-06 50740 1115
9.1665e-06 50925 1161
9.06552e-06 50364 1021
9.22104e-06 51228 1237
9.2385e-06 51325 1261
9.06858e-06 50381 1025
9.20088e-06 51116 1209
9.05058e-06 50281 1000
9.11538e-06 50641 1090
8.99874e-06 49993 928
9.17136e-06 50952 1168
9.07488e-06 50416 1034
9.1008e-06 50560 1070
9.08298e-06 50461 1045
9.17568e-06 50976 1174
9.18234e-06 51013 1183
9.16056e-06 50892 1153
9.15912e-06 50884 1151
9.252899999999999e-06 51405 1281
9.19008e-06 51056 1194
9.20376e-06 51132 1213
9.16074e-06 50893 1153
9.216e-06 51200 1230
9.15336e-06 50852 1143
9.20952e-06 51164 1221
9.18072e-06 51004 1181
9.1593e-06 50885 1151
9.18792e-06 51044 1191
9.13392e-06 50744 1116
9.11574e-06 50643 1091
9.18792e-06 51044 1191
9.11016e-06 50612 1098
9.0711e-06 50395 1029
9.12294e-06 50683 1101
